[ 95. 115. 119.]
[72. 77. 79.]
[92. 84. 71.]
[98. 82. 68.]
[90. 80. 73.]
[88. 78. 71.]
[89. 79. 74.]
[86. 80. 80.]
[88. 81. 77.]
[86. 87. 94.]
[82. 87. 99.]
[88. 81. 76.]
[94. 85. 80.]
[94. 83. 78.]
[96. 80. 76.]
[62. 58. 57.]
[63. 67. 72.]
[66. 77. 85.]
[68. 78. 87.]
[84. 81. 77.]
[89. 86. 82.]
[89. 86. 81.]
[87. 84. 80.]
[114. 120. 128.]
[85. 88. 92.]
[89. 88. 84.]
[86. 86. 89.]
[89. 93. 98.]
[100.  91.  88.]
[96. 87. 82.]
[63. 59. 58.]
[71. 69. 68.]
[57. 59. 69.]
[56. 62. 73.]
[56. 63. 80.]
[47. 54. 71.]
[ 83.  97. 114.]
[86. 89. 93.]
[84. 93. 93.]
[188. 212. 234.]
[125. 153. 187.]
[ 83.  91. 107.]
[89. 93. 98.]
[87. 92. 95.]
[97. 94. 96.]
[58. 61. 60.]
[74. 76. 77.]
[73. 74. 78.]
[69. 68. 77.]
[50. 57. 74.]
[44. 57. 79.]
[44. 61. 82.]
[48. 62. 84.]
[51. 62. 80.]
[65. 79. 98.]
[ 73.  91. 109.]
[134. 171. 204.]
[ 91. 121. 153.]
[64. 72. 98.]
[73. 82. 92.]
[48. 60. 74.]
[48. 56. 71.]
[53. 59. 71.]
[53. 61. 74.]
[48. 60. 76.]
[49. 64. 83.]
[53. 70. 91.]
[47. 65. 88.]
[48. 65. 92.]
[51. 68. 90.]
[55. 71. 94.]
[ 98. 118. 141.]
[137. 159. 183.]
[ 92. 121. 140.]
[ 89. 131. 164.]
[ 61.  76. 102.]
[ 54.  78. 100.]
[ 56.  82. 102.]
[ 67.  93. 121.]
[41. 67. 90.]
[ 69.  89. 113.]
[ 49.  75. 102.]
[ 48.  72. 104.]
[ 43.  72. 102.]
[46. 73. 92.]
[ 58.  77. 108.]
[ 61.  82. 109.]
[ 66.  92. 122.]
[ 64.  88. 111.]
[ 91. 103. 121.]
[104. 155. 193.]
[117. 152. 186.]
[ 73. 107. 142.]
[104. 164. 221.]
[ 90. 139. 188.]
[124. 193. 248.]
[125. 191. 240.]
[ 80. 148. 212.]
[ 87. 137. 189.]
[ 69. 110. 143.]
[ 84. 129. 176.]
[108. 154. 201.]
[ 76. 118. 156.]
[ 60.  94. 130.]
[ 87. 118. 149.]
[ 72.  96. 108.]
[ 69.  89. 106.]
[ 79.  90. 104.]
[ 74.  97. 121.]
[ 71.  95. 123.]
[ 81. 110. 143.]
[ 69. 105. 145.]
[ 70. 119. 159.]
[ 74. 122. 173.]
[ 63. 118. 163.]
[ 44.  96. 149.]
[ 70. 104. 153.]
[ 71. 106. 147.]
[ 67.  95. 130.]
[ 63.  94. 133.]
[ 66.  99. 124.]
[ 64.  93. 123.]
[ 76. 113. 151.]
[ 64.  89. 131.]
[ 48.  72. 114.]
[ 47.  86. 138.]
[ 52. 106. 165.]
[ 45. 113. 180.]
[ 58. 122. 190.]
[ 50. 115. 187.]
[ 51. 107. 172.]
[ 57. 108. 171.]
[ 51.  98. 155.]
[ 56.  99. 148.]
[ 56.  94. 137.]
[ 55.  87. 129.]
[ 59.  82. 112.]
[ 39.  75. 120.]
[ 40.  78. 127.]
[ 36.  74. 125.]
[ 42. 104. 171.]
[ 53. 141. 218.]
[ 59. 169. 251.]
[ 78. 176. 243.]
[ 86. 188. 254.]
[ 54. 159. 239.]
[ 46. 124. 203.]
[ 43. 113. 184.]
[ 49. 109. 174.]
[ 48.  91. 143.]
[ 52.  87. 118.]
[ 47.  88. 134.]
[ 52.  86. 133.]
[ 48.  90. 148.]
[ 38.  94. 156.]
[ 40. 111. 185.]
[ 18. 124. 215.]
[ 35. 158. 238.]
[ 49. 197. 253.]
[ 29. 153. 247.]
[ 34. 137. 227.]
[ 49. 140. 233.]
[ 45. 123. 203.]
[ 42. 105. 174.]
[ 52. 113. 179.]
[ 37.  63. 102.]
[ 36.  61. 103.]
[ 42.  63. 108.]
[ 37.  63. 109.]
[ 38.  68. 120.]
[ 26.  77. 148.]
[ 20.  94. 175.]
[ 8. 14. 13.]
[ 11. 132. 250.]
[  8. 143. 251.]
[  3. 115. 225.]
[ 18.  96. 189.]
[ 33.  98. 185.]
[ 46. 104. 177.]
[ 39.  86. 154.]
[51. 63. 99.]
[45. 58. 96.]
[42. 52. 85.]
[41. 62. 98.]
[ 53.  72. 117.]
[19. 28. 55.]
[ 1.  9. 14.]
[15. 10. 11.]
[35. 40. 89.]
[29. 33. 48.]
[18. 29. 61.]
[48. 55. 97.]
[11.  5.  4.]
[47. 52. 83.]
[50. 58. 87.]
[17. 12. 10.]
[11.  6.  4.]
[10.  6.  5.]
[22. 18. 17.]
[26. 21. 22.]
[25. 20. 20.]
[16. 11. 12.]
[9. 4. 5.]
[12.  7.  8.]
[11.  6.  6.]
[12.  7.  9.]
[17. 11. 12.]
[11.  7.  6.]
[12.  7.  8.]
[22. 17. 18.]
[3. 2. 2.]
[3. 3. 3.]
[17. 12. 11.]
[10.  7.  8.]
[15. 11. 10.]
[12.  7.  8.]
[7. 6. 6.]
[12.  7.  8.]
[6. 6. 6.]
[7. 3. 5.]
[8. 3. 4.]
[2. 2. 2.]
[16. 11. 10.]
[13.  8.  9.]
[82. 82. 82.]
