[135. 130. 122.]
[139. 137. 125.]
[147. 143. 131.]
[153. 148. 136.]
[159. 151. 139.]
[161. 154. 143.]
[156. 156. 140.]
[157. 152. 151.]
[160. 151. 141.]
[154. 149. 140.]
[150. 144. 136.]
[144. 140. 131.]
[137. 132. 127.]
[132. 132. 114.]
[105. 110. 141.]
[145. 144. 143.]
[151. 153. 150.]
[161. 159. 150.]
[169. 168. 155.]
[173. 170. 158.]
[173. 173. 162.]
[174. 172. 163.]
[174. 172. 163.]
[169. 170. 160.]
[170. 167. 159.]
[148. 160. 178.]
[154. 170. 219.]
[136. 148. 185.]
[108. 116. 135.]
[100. 107. 126.]
[146. 150. 150.]
[154. 167. 190.]
[175. 181. 170.]
[181. 187. 176.]
[184. 189. 179.]
[186. 190. 181.]
[185. 190. 184.]
[187. 189. 184.]
[186. 188. 178.]
[170. 179. 201.]
[147. 171. 228.]
[ 90. 151. 255.]
[ 85. 142. 253.]
[ 74. 124. 231.]
[ 82. 127. 235.]
[ 56. 101. 201.]
[ 78. 128. 234.]
[ 78. 123. 224.]
[101. 140. 228.]
[107. 140. 220.]
[131. 153. 187.]
[165. 208. 255.]
[166. 220. 255.]
[127. 194. 244.]
[142. 185. 246.]
[ 79. 145. 252.]
[ 92. 156. 247.]
[ 70.  98. 186.]
[ 72. 139. 253.]
[ 72. 136. 247.]
[ 51.  71. 111.]
[ 60.  77. 114.]
[ 65.  78. 117.]
[ 49. 116. 236.]
[ 86. 126. 226.]
[108. 232. 255.]
[174. 217. 249.]
[101. 243. 255.]
[110. 152. 225.]
[162. 207. 252.]
[121. 159. 194.]
[160. 190. 206.]
[ 79. 124. 203.]
[ 72. 127. 225.]
[ 58.  97. 174.]
[ 52.  91. 168.]
[ 64.  87. 150.]
[ 59.  85. 141.]
[ 63.  84. 140.]
[ 58.  96. 179.]
[ 62. 104. 215.]
[ 71. 111. 202.]
[ 77. 121. 203.]
[ 84. 139. 234.]
[ 70. 141. 235.]
[ 65. 112. 209.]
[ 71. 116. 218.]
[ 72. 107. 193.]
[ 62. 136. 238.]
[ 51.  75. 135.]
[ 96. 193. 247.]
[ 75. 169. 237.]
[ 83. 169. 244.]
[114. 206. 255.]
[ 55. 175. 237.]
[ 51. 117. 221.]
[100. 238. 255.]
[112. 208. 249.]
[ 85. 205. 249.]
[ 70. 150. 253.]
[ 62. 108. 215.]
[ 62. 106. 197.]
[ 63. 103. 196.]
[ 56.  91. 167.]
[ 53.  93. 179.]
[31. 44. 67.]
[27. 36. 51.]
[40. 48. 64.]
[39. 51. 72.]
[49. 56. 77.]
[49. 60. 86.]
[ 62.  77. 106.]
[ 55.  67. 103.]
[ 54.  67. 104.]
[ 70.  78. 115.]
[48. 61. 97.]
[30. 40. 73.]
[46. 56. 86.]
[32. 43. 62.]
[26. 32. 51.]
[37. 51. 71.]
[52. 65. 95.]
[ 65.  78. 113.]
[41. 48. 78.]
[51. 64. 89.]
[ 59.  68. 100.]
[ 92. 113. 165.]
[25. 42. 89.]
[ 52.  65. 100.]
[ 61.  75. 109.]
[ 58.  73. 119.]
[31. 41. 89.]
[30. 40. 68.]
[25. 35. 58.]
[39. 46. 75.]
[42. 53. 76.]
[42. 51. 78.]
[45. 53. 73.]
[49. 59. 96.]
[ 80.  96. 151.]
[53. 58. 76.]
[ 68.  98. 149.]
[ 70. 114. 212.]
[ 79. 114. 208.]
[ 71.  93. 138.]
[ 72.  87. 134.]
[ 73. 102. 177.]
[35. 46. 87.]
[ 36.  54. 100.]
[36. 49. 83.]
[ 47.  71. 115.]
[ 46.  74. 127.]
[45. 56. 95.]
[ 51.  66. 112.]
[ 52.  70. 111.]
[ 51.  71. 116.]
[ 68.  98. 180.]
[ 41.  61. 106.]
[21. 27. 38.]
[13. 23. 48.]
[ 66.  97. 171.]
[ 57.  95. 166.]
[ 40.  65. 124.]
[ 43.  60. 115.]
[29. 39. 67.]
[41. 59. 97.]
[ 41.  60. 105.]
[42. 58. 97.]
[ 52.  73. 118.]
[ 55.  69. 104.]
[ 55.  71. 118.]
[ 65.  85. 135.]
[ 73.  86. 120.]
[ 46.  69. 125.]
[ 75.  96. 143.]
[52. 64. 99.]
[36. 44. 75.]
[35. 47. 81.]
[20. 31. 57.]
[26. 34. 56.]
[30. 45. 76.]
[41. 53. 93.]
[32. 37. 57.]
[14. 20. 29.]
[28. 30. 44.]
[28. 41. 62.]
[40. 54. 94.]
[12. 25. 63.]
[44. 57. 94.]
[16. 29. 50.]
[19. 26. 54.]
[ 7. 15. 33.]
[19. 27. 43.]
[23. 31. 44.]
[20. 28. 47.]
[44. 52. 77.]
[30. 39. 60.]
[21. 29. 45.]
[22. 28. 42.]
[24. 35. 60.]
[24. 35. 57.]
[39. 54. 83.]
[ 77.  89. 109.]
[62. 67. 71.]
[36. 44. 51.]
[19. 21. 25.]
[ 55.  79. 129.]
[ 32.  59. 110.]
[12. 23. 59.]
[20. 27. 45.]
[19. 24. 36.]
[19. 26. 41.]
[11. 17. 25.]
[40. 44. 43.]
[37. 40. 41.]
[37. 41. 42.]
[15. 22. 35.]
[18. 28. 50.]
[14. 24. 44.]
[30. 41. 70.]
[10. 11. 17.]
[31. 42. 64.]
[15. 22. 30.]
[ 3. 10. 19.]
[16. 18. 23.]
