[99. 80. 66.]
[96. 97. 96.]
[100. 108. 107.]
[ 53. 156. 205.]
[ 78. 108. 130.]
[66. 75. 85.]
[ 62. 124. 164.]
[ 78.  88. 100.]
[65. 73. 86.]
[80. 69. 66.]
[57. 52. 51.]
[54. 49. 51.]
[55. 46. 42.]
[58. 55. 52.]
[70. 67. 62.]
[70. 68. 68.]
[ 72.  92. 118.]
[ 92. 103. 103.]
[ 79. 122. 141.]
[ 83. 120. 140.]
[ 51.  93. 133.]
[82. 84. 85.]
[ 90. 102. 103.]
[72. 74. 75.]
[71. 66. 65.]
[77. 73. 65.]
[82. 79. 73.]
[56. 58. 58.]
[68. 64. 63.]
[63. 61. 61.]
[56. 51. 52.]
[61. 59. 62.]
[73. 86. 92.]
[101. 117. 121.]
[104. 114. 113.]
[108. 111. 105.]
[60. 77. 96.]
[59. 73. 89.]
[58. 69. 81.]
[56. 61. 72.]
[56. 57. 58.]
[57. 58. 56.]
[56. 54. 54.]
[50. 51. 56.]
[49. 48. 50.]
[ 35.  76. 125.]
[ 34. 106. 179.]
[ 87. 101. 108.]
[ 98. 104. 104.]
[ 98. 112. 111.]
[ 91. 112. 110.]
[ 69. 128. 156.]
[ 84. 110. 126.]
[ 96. 109. 121.]
[ 53.  80. 106.]
[57. 64. 70.]
[49. 60. 68.]
[48. 58. 68.]
[48. 57. 65.]
[48. 56. 61.]
[ 53.  88. 117.]
[79. 88. 84.]
[61. 66. 69.]
[59. 69. 79.]
[ 68. 100. 114.]
[ 35. 109. 165.]
[ 42.  96. 149.]
[ 67. 141. 183.]
[ 38. 102. 154.]
[51. 75. 97.]
[49. 66. 79.]
[ 60.  97. 119.]
[ 38.  89. 128.]
[48. 64. 74.]
[47. 69. 87.]
[ 61. 100. 135.]
[ 58.  87. 103.]
[ 48. 105. 152.]
[ 37.  89. 141.]
[ 20.  99. 161.]
[ 55. 101. 134.]
[ 52. 107. 147.]
[ 70. 119. 142.]
[ 47. 124. 155.]
[ 65. 149. 191.]
[ 39. 145. 198.]
[ 48. 135. 177.]
[ 56.  99. 123.]
[ 50.  87. 127.]
[44. 75. 97.]
[ 29.  78. 132.]
[ 27.  92. 165.]
[49. 66. 89.]
[ 40.  69. 110.]
[ 28. 124. 188.]
[ 18. 150. 216.]
[ 25.  86. 156.]
[ 22. 171. 247.]
[ 37.  89. 157.]
[ 21. 100. 173.]
[ 58. 123. 169.]
[ 10. 135. 219.]
[ 25.  91. 153.]
[ 28.  66. 111.]
[ 38.  90. 149.]
[ 40.  82. 147.]
[ 24.  66. 114.]
[ 26.  78. 132.]
[ 27.  89. 167.]
[ 40.  69. 113.]
[ 21.  75. 132.]
[  3. 113. 189.]
[ 70. 186. 255.]
[ 18.  82. 140.]
[ 28. 119. 173.]
[ 30. 114. 174.]
[ 31.  97. 148.]
[  9. 109. 198.]
[  1. 108. 190.]
[ 16.  89. 169.]
[ 33.  76. 132.]
[ 19.  86. 142.]
[17. 21. 22.]
[22. 25. 38.]
[ 4. 12.  7.]
[ 17. 101. 182.]
[ 20.  99. 177.]
[ 34. 182. 249.]
[ 42. 132. 200.]
[ 19. 150. 247.]
[ 20.  91. 156.]
[ 14.  90. 176.]
[ 14.  90. 163.]
[  6.  83. 173.]
[ 16.  69. 123.]
[ 24.  64. 123.]
[ 24.  66. 135.]
[9. 9. 9.]
[5. 4. 4.]
[0. 0. 0.]
[ 14.  60. 123.]
[  1.  77. 181.]
[  0. 119. 223.]
[  0. 100. 232.]
[0. 5. 0.]
[  3.  81. 187.]
[  0.  62. 169.]
[ 14.  58. 122.]
[ 15.  62. 133.]
[ 15.  51. 109.]
[ 16.  47. 108.]
[ 1. 21. 77.]
[ 5.  3. 10.]
[13. 15. 16.]
[0. 0. 7.]
[ 25.  59. 140.]
[  3.  57. 174.]
[  0.  60. 210.]
[  0.  64. 217.]
[ 8. 10. 10.]
[ 2. 11. 19.]
[  7.  52. 149.]
[  6.  50. 141.]
[ 15.  48. 122.]
[ 11.  47. 107.]
[17. 10. 16.]
[0. 0. 0.]
[ 8. 17. 18.]
[0. 0. 0.]
[1. 1. 1.]
[0. 0. 0.]
[ 23.  51. 117.]
[ 38.  60. 127.]
[ 0.  2. 11.]
[0. 0. 0.]
[1. 0. 0.]
[2. 2. 2.]
[0. 0. 0.]
[0. 0. 0.]
[5. 6. 5.]
[3. 3. 3.]
[0. 0. 0.]
[0. 0. 0.]
[0. 0. 0.]
[0. 0. 0.]
[2. 2. 2.]
[5. 5. 5.]
[3. 3. 3.]
[0. 0. 0.]
[0. 0. 0.]
[0. 0. 0.]
[0. 0. 0.]
[0. 0. 0.]
[0. 0. 0.]
[1. 1. 1.]
[3. 3. 3.]
[0. 0. 0.]
[0. 0. 0.]
[0. 0. 0.]
[0. 0. 0.]
[2. 2. 2.]
[14.  9. 10.]
[4. 4. 4.]
[0. 0. 0.]
[0. 0. 0.]
[0. 0. 0.]
[0. 0. 0.]
[0. 0. 0.]
[0. 0. 0.]
[2. 2. 2.]
[0. 0. 0.]
[0. 0. 0.]
[0. 0. 0.]
[0. 0. 0.]
[0. 0. 0.]
[0. 0. 0.]
[9. 9. 9.]
[0. 0. 0.]
[0. 0. 0.]
[0. 0. 0.]
[0. 0. 0.]
[0. 0. 0.]
[0. 0. 0.]
[0. 0. 0.]
[0. 0. 0.]
