[54. 42. 13.]
[62. 54. 54.]
[89. 85. 78.]
[55. 54. 50.]
[ 9. 11. 17.]
[51. 48. 58.]
[24. 23. 28.]
[0. 3. 2.]
[36. 42. 49.]
[60. 66. 72.]
[49. 52. 60.]
[151. 119. 144.]
[137.  97. 109.]
[130. 105. 124.]
[145. 104. 111.]
[16. 13. 11.]
[138. 110.  99.]
[4. 4. 9.]
[12. 13. 26.]
[77. 85. 98.]
[74. 83. 97.]
[13. 12. 24.]
[ 5.  8. 13.]
[ 5.  7. 10.]
[23. 27. 38.]
[29. 39. 50.]
[203. 168. 172.]
[192. 153. 152.]
[167. 125. 124.]
[141. 115. 129.]
[11. 11.  8.]
[67. 73. 76.]
[2. 1. 6.]
[52. 56. 67.]
[14. 23. 46.]
[134. 136. 158.]
[ 7. 13. 27.]
[0. 2. 9.]
[149. 136. 163.]
[163. 156. 173.]
[204. 187. 182.]
[14. 18. 17.]
[22. 16. 11.]
[234. 187. 155.]
[209. 179. 177.]
[21. 21. 27.]
[33. 45. 58.]
[118. 162. 232.]
[ 47.  81. 137.]
[ 50.  66. 109.]
[37. 36. 62.]
[ 93.  97. 124.]
[16. 17. 54.]
[195. 185. 201.]
[218. 205. 204.]
[223. 206. 192.]
[103.  97.  86.]
[4. 9. 4.]
[232. 207. 176.]
[156. 122. 127.]
[ 8.  8. 11.]
[45. 48. 48.]
[35. 36. 49.]
[149. 152. 151.]
[88. 88. 91.]
[243. 221. 215.]
[228. 223. 225.]
[205. 202. 202.]
[224. 220. 213.]
[208. 206. 201.]
[60. 63. 54.]
[28. 29. 26.]
[16. 18. 18.]
[60. 59. 75.]
[106.  94. 118.]
[ 9. 11. 11.]
[ 5. 11. 17.]
[ 92. 108. 114.]
[13. 22. 38.]
[221. 236. 247.]
[121. 129. 137.]
[115. 121. 129.]
[215. 225. 239.]
[220. 231. 238.]
[122. 136. 152.]
[ 87. 104. 121.]
[188. 203. 226.]
[149. 174. 195.]
[ 6. 16. 21.]
[183. 208. 223.]
[5. 7. 8.]
[ 4. 10. 20.]
[13. 37. 52.]
[ 7. 17. 31.]
[195. 232. 244.]
[192. 225. 249.]
[190. 229. 252.]
[187. 228. 255.]
[189. 227. 250.]
[189. 223. 246.]
[184. 220. 240.]
[182. 217. 233.]
[173. 215. 231.]
[167. 212. 228.]
[150. 203. 224.]
[ 6.  6. 11.]
[ 4. 10. 19.]
[21. 51. 71.]
[17. 55. 87.]
[ 19.  71. 102.]
[122. 215. 246.]
[125. 230. 252.]
[157. 239. 255.]
[117. 217. 249.]
[124. 218. 251.]
[132. 209. 255.]
[119. 203. 251.]
[113. 196. 245.]
[103. 188. 242.]
[105. 181. 239.]
[ 9.  9. 14.]
[33. 39. 50.]
[ 0. 12. 33.]
[ 53. 102. 158.]
[ 20.  66. 147.]
[ 61. 128. 229.]
[ 73. 206. 246.]
[169. 246. 255.]
[ 70. 195. 254.]
[ 74. 152. 228.]
[ 24.  52. 104.]
[46. 58. 97.]
[21. 45. 87.]
[ 58.  80. 126.]
[49. 62. 99.]
[0. 5. 4.]
[ 6. 10. 19.]
[ 3. 13. 20.]
[11. 45. 67.]
[  7.  58. 100.]
[  8.  66. 139.]
[  8.  70. 181.]
[ 20.  70. 209.]
[  6.  66. 139.]
[22. 44. 86.]
[35. 43. 59.]
[36. 40. 50.]
[29. 38. 42.]
[17. 24. 27.]
[10. 18. 17.]
[2. 4. 4.]
[2. 6. 9.]
[ 3.  8. 11.]
[ 5. 22. 31.]
[ 2. 44. 75.]
[  5.  66. 134.]
[  8.  69. 121.]
[  5.  61. 120.]
[ 8. 53. 86.]
[16. 44. 65.]
[19. 38. 53.]
[13. 24. 32.]
[21. 33. 39.]
[12. 16. 21.]
[ 8. 12. 14.]
[2. 4. 4.]
[0. 1. 1.]
[2. 4. 5.]
[ 5.  9. 14.]
[ 3. 20. 32.]
[ 3. 50. 78.]
[ 4. 51. 81.]
[15. 52. 90.]
[ 6. 47. 62.]
[ 4. 41. 55.]
[ 4. 29. 43.]
[ 4. 40. 52.]
[ 6. 13. 20.]
[23. 26. 34.]
[ 5. 11. 14.]
[4. 4. 4.]
[2. 4. 4.]
[2. 5. 5.]
[10. 12. 13.]
[ 6. 10. 15.]
[ 3. 14. 23.]
[ 9. 27. 42.]
[ 6. 39. 58.]
[ 4. 25. 41.]
[ 0.  5. 15.]
[ 2. 13. 17.]
[ 6. 18. 20.]
[ 2. 14. 21.]
[ 1. 13. 19.]
[3. 7. 8.]
[4. 4. 4.]
[2. 4. 4.]
[4. 6. 7.]
[ 9. 11. 13.]
[ 5.  9. 14.]
[ 4. 10. 14.]
[ 4. 20. 29.]
[ 0. 18. 21.]
[13. 19. 31.]
[ 2.  9. 12.]
[4. 9. 7.]
[ 5.  8. 12.]
[ 8. 13. 22.]
[11. 15. 22.]
[ 3. 12. 21.]
[3. 3. 3.]
[2. 4. 4.]
[2. 4. 4.]
[6. 8. 9.]
[ 4.  4. 10.]
[3. 8. 8.]
[ 7. 15. 19.]
[ 2.  8. 13.]
[ 1.  9. 16.]
[6. 8. 9.]
[3. 5. 6.]
[4. 6. 6.]
[3. 7. 6.]
[ 3. 10. 17.]
[ 6. 12. 17.]
