[ 86. 154. 206.]
[129. 107.  88.]
[116.  96.  82.]
[113.  92.  84.]
[ 48. 183. 243.]
[54. 70. 96.]
[ 54.  92. 148.]
[ 54.  74. 106.]
[82. 68. 67.]
[79. 69. 75.]
[111. 100. 111.]
[ 94. 110. 156.]
[65. 64. 81.]
[59. 52. 57.]
[53. 45. 55.]
[113. 184. 213.]
[ 87. 175. 207.]
[132. 110.  94.]
[127. 121. 121.]
[111. 109. 101.]
[ 38. 167. 238.]
[ 69. 111. 163.]
[ 50.  86. 142.]
[56. 55. 62.]
[63. 68. 85.]
[61. 64. 80.]
[63. 70. 89.]
[47. 54. 72.]
[45. 49. 61.]
[51. 52. 65.]
[164. 136. 101.]
[156. 141. 126.]
[155. 137. 117.]
[138. 127. 113.]
[129. 123. 118.]
[112. 141. 159.]
[ 61. 152. 209.]
[ 36. 185. 250.]
[ 45.  72. 118.]
[51. 55. 70.]
[48. 56. 71.]
[50. 56. 86.]
[ 38.  53. 101.]
[ 44.  64. 112.]
[ 48.  59. 102.]
[173. 161. 129.]
[170. 154. 125.]
[163. 149. 126.]
[154. 147. 131.]
[148. 141. 128.]
[141. 136. 123.]
[142. 130. 114.]
[133. 134. 125.]
[ 31. 159. 239.]
[30. 54. 95.]
[31. 50. 88.]
[ 49.  85. 173.]
[ 43.  56. 102.]
[44. 48. 77.]
[53. 57. 75.]
[121. 197. 224.]
[146. 198. 202.]
[168. 170. 164.]
[151. 171. 173.]
[142. 195. 217.]
[156. 174. 168.]
[158. 150. 128.]
[147. 162. 167.]
[ 22. 198. 255.]
[ 34. 113. 221.]
[ 41.  75. 149.]
[ 50.  63. 105.]
[ 46.  69. 120.]
[50. 53. 69.]
[49. 49. 61.]
[126. 243. 254.]
[110. 220. 242.]
[142. 242. 252.]
[139. 190. 208.]
[145. 193. 213.]
[155. 221. 236.]
[156. 183. 186.]
[157. 167. 155.]
[112. 173. 194.]
[ 59. 169. 235.]
[ 41.  75. 141.]
[50. 56. 82.]
[57. 61. 79.]
[44. 48. 63.]
[39. 42. 57.]
[ 87. 207. 237.]
[101. 220. 240.]
[100. 219. 246.]
[ 97. 220. 246.]
[106. 219. 242.]
[120. 221. 241.]
[108. 206. 232.]
[103. 226. 251.]
[ 51. 100. 171.]
[ 62. 125. 219.]
[ 25.  54. 116.]
[ 23.  67. 152.]
[27. 42. 64.]
[27. 38. 62.]
[30. 33. 57.]
[ 64. 141. 189.]
[ 47. 164. 222.]
[ 31. 189. 246.]
[ 60. 199. 240.]
[ 71. 248. 255.]
[ 23. 212. 249.]
[ 30. 204. 255.]
[ 36. 189. 245.]
[ 40. 170. 238.]
[ 59. 143. 230.]
[ 39.  86. 160.]
[ 44.  76. 146.]
[ 41.  71. 135.]
[ 31.  60. 108.]
[ 24.  57. 113.]
[36. 52. 71.]
[28. 45. 63.]
[42. 60. 80.]
[ 57. 100. 126.]
[ 41. 155. 215.]
[ 27. 157. 239.]
[ 32. 139. 206.]
[ 14.  61. 101.]
[ 6. 16. 26.]
[11. 15. 25.]
[ 5. 18. 39.]
[ 1. 11. 29.]
[ 6. 15. 25.]
[10. 15. 21.]
[ 5. 12. 21.]
[ 59. 177. 221.]
[ 48. 222. 255.]
[ 52. 177. 219.]
[ 65. 230. 251.]
[ 44. 184. 225.]
[ 88. 175. 203.]
[ 74. 152. 190.]
[ 11. 106. 163.]
[ 40.  85. 142.]
[ 21.  67. 116.]
[17. 40. 91.]
[15. 41. 94.]
[19. 43. 87.]
[15. 31. 60.]
[16. 20. 43.]
[ 87. 162. 207.]
[ 67. 129. 168.]
[ 81. 150. 188.]
[ 88. 110. 122.]
[ 83. 102. 107.]
[72. 93. 95.]
[ 45.  87. 118.]
[42. 54. 59.]
[46. 68. 86.]
[ 12.  50. 107.]
[12. 27. 56.]
[13. 27. 54.]
[19. 27. 45.]
[16. 20. 35.]
[15. 18. 29.]
[ 60. 124. 171.]
[ 78. 135. 165.]
[74. 78. 78.]
[68. 74. 68.]
[ 86. 118. 131.]
[58. 61. 60.]
[56. 59. 58.]
[45. 53. 45.]
[  7.  52. 113.]
[ 11.  54. 113.]
[13. 19. 34.]
[12. 19. 32.]
[28. 40. 61.]
[16. 21. 31.]
[15. 18. 28.]
[70. 66. 64.]
[62. 60. 55.]
[60. 56. 53.]
[57. 56. 55.]
[52. 51. 49.]
[44. 40. 38.]
[36. 35. 30.]
[23. 35. 40.]
[11. 41. 81.]
[ 6. 18. 32.]
[ 8. 21. 39.]
[ 7. 16. 28.]
[10. 20. 40.]
[ 8. 15. 29.]
[12. 16. 26.]
[52. 48. 46.]
[51. 44. 38.]
[42. 37. 34.]
[39. 35. 32.]
[32. 31. 28.]
[24. 27. 25.]
[18. 52. 85.]
[ 7. 35. 70.]
[ 4. 21. 44.]
[ 6. 13. 20.]
[ 7. 12. 20.]
[ 6. 12. 22.]
[ 5. 15. 36.]
[ 8. 20. 44.]
[ 8. 17. 27.]
[27. 31. 38.]
[32. 29. 27.]
[29. 24. 23.]
[25. 23. 22.]
[21. 21. 23.]
[17. 27. 43.]
[13. 26. 36.]
[ 2. 20. 39.]
[ 3. 10. 17.]
[ 7. 10. 18.]
[ 6. 12. 19.]
[ 8. 14. 21.]
[ 4.  9. 18.]
[ 5. 10. 19.]
[ 8. 13. 22.]
