[ 65. 157. 228.]
[ 68. 166. 236.]
[ 70. 173. 242.]
[ 75. 179. 248.]
[ 79. 184. 251.]
[ 82. 188. 252.]
[ 83. 189. 253.]
[ 80. 186. 250.]
[ 77. 182. 249.]
[ 75. 179. 246.]
[ 76. 174. 244.]
[ 75. 171. 241.]
[ 73. 165. 236.]
[ 72. 160. 231.]
[ 71. 153. 224.]
[ 64. 159. 232.]
[ 69. 168. 242.]
[ 73. 177. 248.]
[ 80. 184. 253.]
[ 85. 191. 254.]
[ 89. 197. 255.]
[ 90. 199. 255.]
[ 87. 194. 254.]
[ 83. 188. 255.]
[ 78. 182. 251.]
[ 75. 178. 247.]
[ 74. 175. 244.]
[ 73. 169. 239.]
[ 71. 163. 234.]
[ 72. 157. 229.]
[ 62. 161. 235.]
[ 67. 170. 243.]
[ 73. 179. 250.]
[ 81. 188. 255.]
[ 90. 199. 253.]
[100. 209. 254.]
[102. 213. 254.]
[ 97. 208. 254.]
[ 89. 198. 254.]
[ 81. 189. 253.]
[ 78. 182. 251.]
[ 74. 178. 249.]
[ 72. 172. 244.]
[ 70. 165. 238.]
[ 71. 158. 232.]
[ 61. 161. 239.]
[ 66. 173. 247.]
[ 72. 182. 254.]
[ 81. 191. 255.]
[ 94. 205. 254.]
[109. 222. 254.]
[115. 231. 254.]
[103. 219. 254.]
[ 87. 201. 254.]
[ 77. 189. 255.]
[ 74. 182. 253.]
[ 70. 175. 248.]
[ 69. 171. 244.]
[ 68. 165. 239.]
[ 66. 157. 232.]
[ 58. 158. 240.]
[ 61. 169. 247.]
[ 65. 177. 253.]
[ 75. 188. 255.]
[ 87. 205. 255.]
[110. 236. 254.]
[251. 251. 251.]
[ 97. 222. 254.]
[ 80. 199. 255.]
[ 71. 185. 255.]
[ 67. 177. 253.]
[ 62. 170. 248.]
[ 63. 164. 243.]
[ 62. 160. 238.]
[ 64. 154. 231.]
[ 53. 141. 225.]
[ 54. 153. 237.]
[ 54. 169. 249.]
[ 62. 179. 254.]
[ 72. 195. 254.]
[ 95. 229. 253.]
[251. 251. 251.]
[ 81. 212. 255.]
[ 67. 189. 255.]
[ 63. 181. 253.]
[ 56. 166. 248.]
[ 55. 161. 244.]
[ 57. 156. 240.]
[ 59. 153. 236.]
[ 60. 149. 230.]
[ 55. 128. 207.]
[ 56. 139. 221.]
[ 53. 147. 230.]
[ 52. 153. 236.]
[ 53. 163. 245.]
[ 60. 176. 252.]
[ 62. 182. 254.]
[ 55. 167. 249.]
[ 52. 159. 244.]
[ 49. 151. 237.]
[ 51. 145. 230.]
[ 52. 141. 225.]
[ 56. 136. 219.]
[ 59. 136. 218.]
[ 57. 130. 210.]
[ 45.  82. 132.]
[ 45.  86. 141.]
[ 43.  90. 148.]
[ 44.  97. 160.]
[ 42. 107. 180.]
[ 40. 116. 198.]
[ 52. 151. 235.]
[ 54. 146. 229.]
[ 55. 139. 225.]
[ 55. 135. 221.]
[ 46.  87. 149.]
[ 58. 125. 200.]
[ 61. 121. 193.]
[ 60. 118. 189.]
[ 61. 115. 181.]
[29. 57. 96.]
[ 30.  60. 101.]
[ 29.  62. 107.]
[ 28.  68. 116.]
[ 28.  73. 130.]
[ 27.  81. 146.]
[ 24.  82. 149.]
[ 25.  79. 147.]
[ 25.  74. 148.]
[ 26.  70. 142.]
[ 29.  62. 112.]
[ 28.  58. 100.]
[28. 54. 95.]
[28. 53. 93.]
[ 43.  65. 104.]
[29. 53. 89.]
[30. 56. 93.]
[30. 58. 99.]
[ 26.  60. 103.]
[ 28.  66. 114.]
[ 29.  69. 121.]
[ 25.  68. 122.]
[ 25.  69. 123.]
[ 26.  68. 135.]
[ 28.  64. 128.]
[ 26.  57. 102.]
[27. 53. 90.]
[30. 51. 89.]
[30. 49. 86.]
[29. 48. 83.]
[ 5. 27. 53.]
[ 2. 27. 50.]
[28. 54. 91.]
[30. 56. 96.]
[ 26.  58. 101.]
[ 27.  60. 105.]
[ 26.  61. 105.]
[ 27.  60. 106.]
[ 25.  61. 111.]
[ 26.  59. 105.]
[29. 54. 94.]
[29. 48. 85.]
[29. 48. 83.]
[29. 46. 79.]
[29. 44. 77.]
[10. 32. 57.]
[11. 32. 60.]
[15. 39. 67.]
[ 8. 32. 60.]
[15. 42. 77.]
[27. 56. 95.]
[27. 56. 95.]
[28. 53. 95.]
[27. 55. 96.]
[27. 52. 94.]
[28. 50. 85.]
[27. 46. 79.]
[28. 45. 78.]
[28. 43. 75.]
[30. 41. 71.]
[ 3. 21. 44.]
[ 2. 23. 45.]
[ 1. 23. 48.]
[ 3. 27. 51.]
[ 3. 27. 55.]
[ 0. 28. 58.]
[14. 42. 73.]
[ 8. 36. 67.]
[ 6. 31. 63.]
[ 2. 26. 57.]
[28. 46. 77.]
[28. 43. 75.]
[30. 44. 73.]
[29. 40. 70.]
[28. 39. 67.]
[ 4. 20. 43.]
[ 3. 21. 44.]
[ 3. 23. 48.]
[ 3. 23. 48.]
[ 1. 23. 51.]
[ 2. 26. 56.]
[ 8. 32. 62.]
[ 1. 25. 53.]
[ 2. 25. 51.]
[ 1. 24. 50.]
[ 1. 23. 48.]
[ 6. 26. 53.]
[28. 40. 68.]
[28. 39. 67.]
[26. 37. 64.]
[ 4. 18. 41.]
[ 5. 19. 42.]
[ 3. 19. 42.]
[ 3. 20. 46.]
[ 1. 22. 49.]
[ 3. 25. 53.]
[ 2. 24. 52.]
[ 1. 22. 50.]
[ 1. 24. 50.]
[ 2. 24. 49.]
[ 2. 19. 45.]
[ 3. 21. 44.]
[ 3. 24. 46.]
[ 3. 20. 46.]
[ 2. 19. 45.]
