[105.  91.  93.]
[110.  95.  99.]
[113. 102. 112.]
[116. 105. 113.]
[118. 104. 105.]
[120. 112. 123.]
[119. 127. 173.]
[120. 116. 147.]
[117. 114. 140.]
[115. 109. 132.]
[113. 107. 132.]
[104. 104. 144.]
[ 93.  89. 124.]
[85. 74. 86.]
[85. 72. 74.]
[111.  97.  91.]
[113. 100.  99.]
[118. 108. 114.]
[125. 114. 124.]
[129. 121. 137.]
[128. 116. 128.]
[128. 124. 149.]
[125. 131. 171.]
[123. 128. 167.]
[126. 124. 153.]
[121. 115. 142.]
[108. 107. 144.]
[ 92.  95. 139.]
[90. 80. 92.]
[89. 77. 73.]
[117. 105. 101.]
[121. 109. 103.]
[122. 115. 106.]
[132. 130. 152.]
[134. 134. 157.]
[136. 132. 157.]
[139. 133. 152.]
[130. 142. 197.]
[134. 136. 176.]
[130. 137. 180.]
[126. 132. 175.]
[113. 117. 158.]
[ 96. 110. 170.]
[ 95.  92. 118.]
[89. 77. 72.]
[121. 110.  96.]
[126. 115. 109.]
[132. 124. 125.]
[137. 128. 131.]
[142. 147. 180.]
[141. 144. 175.]
[143. 146. 184.]
[142. 149. 191.]
[142. 145. 176.]
[138. 145. 188.]
[129. 143. 191.]
[124. 128. 164.]
[114. 115. 143.]
[101.  92. 103.]
[97. 88. 85.]
[121. 116. 117.]
[130. 125. 127.]
[134. 130. 135.]
[144. 134. 127.]
[147. 142. 142.]
[149. 157. 188.]
[146. 167. 219.]
[140. 160. 221.]
[143. 159. 202.]
[139. 156. 207.]
[122. 138. 185.]
[117. 135. 188.]
[101. 105. 153.]
[ 92. 102. 145.]
[98. 91. 88.]
[107. 125. 160.]
[116. 132. 179.]
[132. 139. 156.]
[145. 150. 171.]
[149. 150. 157.]
[153. 154. 164.]
[155. 166. 196.]
[149. 186. 244.]
[147. 167. 214.]
[135. 177. 250.]
[114. 143. 203.]
[120. 132. 166.]
[107. 107. 126.]
[ 94.  99. 134.]
[ 92.  92. 117.]
[116. 138. 178.]
[123. 165. 229.]
[121. 156. 215.]
[122. 162. 227.]
[136. 157. 198.]
[147. 167. 202.]
[157. 172. 204.]
[155. 165. 189.]
[152. 164. 192.]
[144. 177. 233.]
[ 97. 169. 253.]
[ 94. 122. 181.]
[ 84.  96. 145.]
[ 81.  88. 119.]
[ 81.  89. 118.]
[24. 24. 21.]
[107. 139. 178.]
[115. 154. 199.]
[126. 165. 218.]
[134. 199. 254.]
[123. 197. 250.]
[134. 192. 254.]
[140. 191. 249.]
[146. 193. 248.]
[144. 165. 196.]
[119. 172. 235.]
[ 69. 137. 232.]
[ 91. 121. 189.]
[ 94. 122. 181.]
[ 97. 116. 149.]
[17. 18.  9.]
[ 93. 122. 163.]
[18. 25. 24.]
[58. 75. 91.]
[115. 160. 219.]
[109. 166. 232.]
[114. 184. 251.]
[110. 177. 245.]
[ 97. 175. 251.]
[106. 155. 224.]
[103. 139. 192.]
[ 69. 126. 219.]
[ 78. 112. 179.]
[ 73.  99. 156.]
[ 77.  96. 133.]
[16. 17.  8.]
[21. 23. 17.]
[20. 24. 19.]
[27. 29. 29.]
[32. 33. 41.]
[ 87. 110. 167.]
[ 71.  93. 171.]
[ 94. 127. 203.]
[ 83. 131. 226.]
[ 91. 125. 228.]
[ 85. 107. 178.]
[ 68.  97. 183.]
[ 70.  92. 173.]
[46. 49. 79.]
[37. 42. 44.]
[12. 13.  4.]
[17. 19. 13.]
[15. 19. 13.]
[22. 24. 24.]
[26. 31. 31.]
[29. 33. 38.]
[58. 64. 90.]
[ 78.  94. 142.]
[ 66.  81. 116.]
[49. 54. 69.]
[44. 45. 58.]
[40. 43. 51.]
[35. 37. 45.]
[34. 37. 42.]
[19. 24. 23.]
[11. 12.  3.]
[10. 11.  2.]
[14. 15. 11.]
[16. 18. 18.]
[16. 21. 21.]
[30. 36. 43.]
[ 75. 113. 186.]
[ 79. 114. 181.]
[ 86. 122. 189.]
[ 86. 109. 159.]
[32. 39. 50.]
[34. 39. 47.]
[38. 39. 49.]
[17. 22. 21.]
[12. 16. 10.]
[10. 11.  2.]
[ 9. 11.  3.]
[10. 12.  6.]
[13. 16. 14.]
[17. 21. 23.]
[30. 36. 49.]
[ 78. 137. 221.]
[ 85. 131. 204.]
[ 77. 100. 151.]
[ 69.  89. 139.]
[ 66.  83. 126.]
[18. 23. 22.]
[26. 29. 35.]
[16. 21. 21.]
[ 9. 13.  7.]
[18. 16.  8.]
[10. 11.  2.]
[12. 13.  9.]
[18. 20. 20.]
[21. 24. 29.]
[25. 34. 44.]
[ 90. 110. 157.]
[ 90. 112. 154.]
[ 94. 112. 153.]
[ 84. 109. 166.]
[18. 23. 32.]
[11. 16. 14.]
[13. 18. 17.]
[4. 9. 4.]
[ 7. 12.  3.]
[6. 8. 2.]
[17. 18. 12.]
[12. 16. 11.]
[16. 21. 20.]
[34. 36. 41.]
[ 88.  94. 113.]
[ 85.  96. 128.]
[ 77. 101. 155.]
[ 79.  98. 143.]
[ 68. 100. 176.]
[ 67.  84. 140.]
[10. 11.  7.]
[11. 17. 12.]
[10. 13. 13.]
[5. 6. 2.]
