[141. 118. 110.]
[147. 132. 129.]
[152. 142. 146.]
[162. 148. 142.]
[165. 150. 134.]
[162. 153. 138.]
[156. 152. 173.]
[108. 117. 151.]
[119. 144. 169.]
[125. 164. 192.]
[ 70.  96. 114.]
[ 7.  9. 14.]
[19. 17. 17.]
[16. 14. 14.]
[7. 9. 9.]
[142. 119. 111.]
[147. 132. 129.]
[154. 144. 148.]
[158. 150. 150.]
[168. 154. 135.]
[166. 158. 142.]
[142. 136. 155.]
[ 96. 104. 134.]
[135. 172. 210.]
[118. 156. 178.]
[ 78. 100. 125.]
[4. 3. 5.]
[14. 12. 12.]
[18. 13. 14.]
[6. 8. 8.]
[142. 120. 109.]
[149. 132. 129.]
[156. 147. 150.]
[161. 155. 156.]
[165. 153. 141.]
[170. 159. 147.]
[151. 152. 160.]
[104. 110. 146.]
[118. 160. 205.]
[ 64.  95. 112.]
[109. 159. 194.]
[13. 16. 32.]
[17. 14. 14.]
[17. 12. 13.]
[4. 9. 8.]
[142. 120. 109.]
[148. 130. 127.]
[157. 147. 150.]
[165. 159. 160.]
[170. 158. 146.]
[173. 161. 149.]
[166. 163. 158.]
[105. 110. 149.]
[105. 132. 179.]
[ 78. 119. 142.]
[ 94. 117. 163.]
[ 81. 108. 158.]
[12. 10. 10.]
[20. 15. 16.]
[ 5. 10.  9.]
[148. 120. 103.]
[151. 133. 126.]
[156. 148. 150.]
[167. 159. 160.]
[170. 161. 152.]
[175. 163. 151.]
[168. 167. 166.]
[115. 124. 162.]
[ 95. 125. 178.]
[ 54.  81. 106.]
[ 18.  62. 105.]
[37. 53. 90.]
[14. 12. 12.]
[20. 15. 16.]
[6. 8. 8.]
[146. 119. 105.]
[151. 133. 126.]
[156. 150. 150.]
[164. 158. 159.]
[170. 162. 162.]
[174. 165. 156.]
[166. 165. 166.]
[112. 130. 161.]
[ 91. 118. 179.]
[136. 186. 215.]
[107. 185. 239.]
[14. 26. 52.]
[13. 11. 11.]
[19. 13. 14.]
[6. 8. 8.]
[146. 120. 104.]
[151. 134. 127.]
[156. 148. 151.]
[166. 159. 165.]
[168. 165. 167.]
[177. 168. 159.]
[173. 173. 175.]
[127. 138. 168.]
[ 84. 119. 180.]
[138. 191. 223.]
[109. 187. 229.]
[24. 19. 20.]
[12. 10. 10.]
[20. 15. 16.]
[6. 8. 8.]
[149. 120. 105.]
[152. 137. 136.]
[50. 35. 26.]
[31. 23. 14.]
[171. 167. 172.]
[177. 169. 169.]
[176. 174. 172.]
[128. 138. 165.]
[ 86. 120. 179.]
[149. 198. 226.]
[106. 185. 242.]
[ 73. 122. 203.]
[12. 10. 10.]
[19. 14. 15.]
[5. 7. 7.]
[148. 119. 104.]
[148. 129. 122.]
[42. 27. 18.]
[27. 20. 11.]
[8. 6. 5.]
[132. 124. 125.]
[182. 178. 173.]
[108.  99. 126.]
[34. 50. 98.]
[135. 173. 202.]
[121. 168. 234.]
[ 43.  60. 113.]
[12. 10. 10.]
[19. 13. 15.]
[6. 8. 8.]
[148. 119. 104.]
[53. 33. 22.]
[41. 26. 17.]
[27. 18. 15.]
[7. 5. 5.]
[30. 26. 32.]
[105.  98.  99.]
[85. 87. 92.]
[11. 11. 29.]
[25. 38. 69.]
[ 73. 137. 168.]
[22. 49. 92.]
[11.  9.  9.]
[17. 12. 13.]
[6. 8. 8.]
[149. 119. 102.]
[151. 130. 117.]
[41. 26. 17.]
[27. 19. 12.]
[7. 5. 4.]
[123. 121. 127.]
[159. 156. 152.]
[150. 153. 174.]
[ 26.  55. 107.]
[133. 184. 208.]
[106. 175. 233.]
[ 65.  96. 177.]
[11.  9. 10.]
[17. 12. 13.]
[6. 8. 8.]
[149. 116.  97.]
[152. 127. 114.]
[55. 38. 29.]
[25. 20. 15.]
[162. 166. 172.]
[177. 177. 183.]
[173. 172. 168.]
[167. 173. 172.]
[ 86. 101. 160.]
[108. 182. 235.]
[107. 171. 228.]
[ 0. 13. 45.]
[26. 23. 25.]
[6. 5. 7.]
[ 8. 10. 10.]
[148. 115.  96.]
[149. 124. 107.]
[153. 136. 127.]
[156. 151. 150.]
[166. 164. 170.]
[167. 167. 173.]
[168. 167. 166.]
[162. 169. 166.]
[ 79.  99. 157.]
[109. 177. 231.]
[ 94. 161. 223.]
[25. 31. 42.]
[17. 13. 14.]
[4. 3. 5.]
[9. 9. 9.]
[147. 114.  95.]
[148. 122. 105.]
[149. 133. 124.]
[152. 147. 146.]
[161. 159. 165.]
[165. 165. 171.]
[166. 165. 164.]
[158. 165. 162.]
[ 85. 100. 153.]
[113. 176. 224.]
[105. 161. 217.]
[ 65. 106. 191.]
[8. 4. 4.]
[4. 3. 5.]
[8. 8. 8.]
[147. 113.  90.]
[147. 119. 102.]
[148. 132. 119.]
[154. 142. 140.]
[160. 158. 158.]
[161. 164. 171.]
[163. 164. 162.]
[146. 154. 154.]
[ 80.  92. 141.]
[116. 169. 215.]
[ 95. 152. 207.]
[ 66. 112. 197.]
[9. 5. 5.]
[3. 3. 3.]
[4. 4. 4.]
