[56. 44. 44.]
[52. 41. 43.]
[48. 38. 38.]
[65. 52. 50.]
[75. 61. 59.]
[80. 64. 57.]
[71. 59. 59.]
[70. 58. 56.]
[42. 38. 45.]
[64. 58. 62.]
[59. 59. 75.]
[63. 64. 76.]
[55. 50. 57.]
[44. 37. 40.]
[36. 32. 38.]
[45. 36. 38.]
[57. 46. 48.]
[53. 42. 44.]
[53. 42. 42.]
[77. 64. 62.]
[78. 65. 62.]
[89. 75. 68.]
[88. 76. 71.]
[85. 73. 70.]
[63. 60. 70.]
[64. 65. 83.]
[64. 63. 75.]
[45. 39. 42.]
[43. 41. 47.]
[61. 62. 75.]
[41. 33. 34.]
[41. 37. 43.]
[49. 42. 45.]
[66. 62. 68.]
[60. 56. 62.]
[72. 66. 71.]
[91. 83. 83.]
[54. 48. 53.]
[ 63.  74. 105.]
[72. 72. 75.]
[53. 65. 95.]
[33. 32. 42.]
[ 48.  67. 105.]
[53. 59. 78.]
[61. 57. 59.]
[38. 44. 66.]
[40. 41. 58.]
[41. 38. 44.]
[50. 47. 56.]
[62. 67. 87.]
[83. 84. 92.]
[73. 75. 88.]
[42. 49. 63.]
[78. 82. 95.]
[51. 60. 81.]
[33. 43. 65.]
[ 71.  84. 109.]
[55. 59. 71.]
[53. 60. 76.]
[ 89. 105. 130.]
[38. 47. 74.]
[44. 55. 88.]
[45. 54. 77.]
[ 49.  69. 108.]
[46. 61. 96.]
[56. 65. 91.]
[ 99. 137. 182.]
[ 79. 120. 170.]
[ 59.  79. 115.]
[ 41. 134. 224.]
[ 67.  82. 112.]
[65. 67. 72.]
[108. 117. 115.]
[104. 111. 108.]
[ 96. 103.  99.]
[43. 44. 57.]
[46. 45. 48.]
[50. 49. 51.]
[46. 46. 56.]
[45. 53. 73.]
[53. 61. 77.]
[ 70. 133. 199.]
[ 40. 176. 249.]
[ 87. 202. 254.]
[ 72.  93. 106.]
[117. 152. 164.]
[110. 145. 163.]
[102. 132. 147.]
[ 88. 123. 157.]
[ 62.  93. 138.]
[25. 21. 26.]
[30. 26. 31.]
[39. 43. 63.]
[ 34.  79. 146.]
[ 44.  77. 122.]
[ 60. 148. 214.]
[ 22. 194. 255.]
[ 48. 193. 240.]
[ 67. 157. 207.]
[ 62. 143. 199.]
[ 43.  84. 134.]
[43. 45. 51.]
[44. 46. 51.]
[39. 48. 82.]
[ 35.  63. 116.]
[35. 37. 49.]
[45. 56. 84.]
[45. 62. 98.]
[33. 41. 59.]
[28. 46. 74.]
[21. 34. 56.]
[29. 50. 81.]
[25. 53. 89.]
[ 40.  82. 136.]
[ 58. 101. 147.]
[ 59.  91. 124.]
[ 68.  95. 121.]
[ 60.  82. 103.]
[54. 72. 98.]
[47. 65. 89.]
[11. 14. 19.]
[26. 30. 45.]
[46. 54. 78.]
[43. 51. 69.]
[42. 57. 85.]
[26. 46. 77.]
[ 41.  71. 118.]
[ 52. 100. 154.]
[28. 50. 83.]
[ 52.  85. 114.]
[46. 62. 84.]
[ 56.  82. 107.]
[ 56.  83. 109.]
[ 40.  68. 103.]
[42. 66. 95.]
[1. 2. 5.]
[16. 16. 21.]
[26. 30. 52.]
[28. 34. 51.]
[37. 55. 88.]
[37. 58. 92.]
[30. 49. 78.]
[22. 41. 73.]
[28. 57. 95.]
[25. 54. 86.]
[24. 34. 51.]
[37. 52. 69.]
[50. 60. 70.]
[50. 60. 70.]
[43. 57. 73.]
[39. 47. 72.]
[37. 41. 60.]
[36. 46. 70.]
[37. 42. 58.]
[15. 15. 18.]
[39. 44. 56.]
[45. 59. 84.]
[16. 25. 37.]
[30. 44. 63.]
[32. 47. 70.]
[19. 44. 84.]
[40. 48. 63.]
[23. 33. 51.]
[27. 34. 44.]
[36. 40. 45.]
[33. 38. 56.]
[39. 42. 58.]
[35. 36. 50.]
[41. 44. 62.]
[34. 38. 55.]
[32. 33. 45.]
[20. 26. 41.]
[19. 21. 29.]
[34. 35. 49.]
[33. 46. 73.]
[21. 34. 56.]
[21. 23. 37.]
[29. 41. 64.]
[ 9. 12. 18.]
[16. 17. 25.]
[33. 33. 45.]
[23. 22. 29.]
[29. 29. 40.]
[24. 26. 35.]
[32. 31. 39.]
[16. 21. 30.]
[39. 40. 54.]
[16. 23. 36.]
[30. 31. 37.]
[14. 17. 26.]
[30. 36. 50.]
[29. 38. 55.]
[16. 18. 28.]
[26. 32. 45.]
[14. 16. 23.]
[23. 21. 30.]
[28. 25. 35.]
[21. 21. 29.]
[22. 22. 32.]
[27. 32. 46.]
[26. 30. 44.]
[19. 22. 29.]
[15. 19. 28.]
[22. 28. 42.]
[18. 23. 34.]
[17. 21. 32.]
[21. 23. 33.]
[23. 24. 34.]
[12. 13. 17.]
[ 9.  9. 15.]
[21. 19. 24.]
[20. 19. 22.]
[19. 19. 25.]
[24. 40. 57.]
[ 7. 10. 10.]
[28. 30. 39.]
[12. 14. 18.]
[22. 23. 31.]
[24. 26. 46.]
[22. 23. 32.]
[23. 31. 46.]
[10. 12. 14.]
[14. 17. 23.]
[ 9. 12. 19.]
[ 9.  8. 10.]
