[ 91. 102. 104.]
[109. 125. 134.]
[115. 134. 144.]
[117. 146. 168.]
[130. 173. 207.]
[120. 156. 185.]
[145. 188. 226.]
[141. 184. 223.]
[128. 172. 210.]
[125. 168. 206.]
[128. 172. 210.]
[118. 155. 188.]
[108. 136. 161.]
[ 91. 112. 128.]
[77. 89. 98.]
[ 86. 103. 113.]
[ 93. 115. 129.]
[ 99. 117. 134.]
[ 98. 117. 131.]
[121. 156. 192.]
[124. 161. 195.]
[137. 180. 222.]
[149. 203. 246.]
[125. 170. 211.]
[113. 150. 185.]
[106. 137. 165.]
[ 98. 118. 140.]
[ 93. 110. 127.]
[ 85.  96. 109.]
[72. 84. 96.]
[ 83.  99. 112.]
[ 92. 108. 126.]
[ 90. 113. 130.]
[ 93. 116. 135.]
[ 92. 116. 139.]
[ 96. 123. 151.]
[ 95. 123. 154.]
[ 98. 134. 171.]
[ 99. 127. 158.]
[ 94. 120. 145.]
[ 89. 110. 136.]
[ 88. 108. 129.]
[ 91. 110. 129.]
[ 89. 103. 121.]
[ 77.  96. 110.]
[ 75.  97. 116.]
[ 77. 100. 121.]
[ 80. 107. 134.]
[ 85. 120. 157.]
[ 88. 127. 166.]
[ 91. 134. 186.]
[ 85. 125. 171.]
[ 87. 130. 180.]
[ 84. 122. 164.]
[103. 158. 214.]
[ 80. 126. 178.]
[ 72. 105. 148.]
[ 73. 110. 150.]
[ 76. 115. 153.]
[ 74. 108. 144.]
[ 74. 124. 173.]
[ 67. 121. 180.]
[ 71. 127. 185.]
[ 77. 134. 196.]
[ 86. 149. 212.]
[ 82. 144. 214.]
[ 78. 141. 204.]
[ 80. 140. 205.]
[ 83. 152. 225.]
[ 85. 154. 227.]
[ 74. 135. 201.]
[ 65. 107. 157.]
[ 73.  99. 126.]
[ 68. 110. 156.]
[ 66. 103. 142.]
[ 54.  88. 123.]
[ 55.  97. 144.]
[ 59. 105. 164.]
[ 58. 110. 174.]
[ 60. 118. 188.]
[ 64. 131. 209.]
[ 60. 135. 223.]
[ 65. 153. 243.]
[ 63. 135. 225.]
[ 64. 133. 217.]
[ 61. 128. 204.]
[ 57. 113. 178.]
[ 4.  6. 10.]
[47. 70. 88.]
[ 48.  80. 120.]
[ 42.  84. 134.]
[ 46.  93. 147.]
[ 47.  97. 165.]
[ 47. 103. 181.]
[ 49. 112. 196.]
[ 47. 118. 212.]
[ 47. 125. 226.]
[ 50. 131. 241.]
[ 45. 116. 211.]
[ 45. 103. 188.]
[ 41. 101. 180.]
[ 4. 12. 37.]
[36. 62. 94.]
[11. 16. 35.]
[ 42.  93. 153.]
[ 35.  75. 132.]
[ 0. 10. 10.]
[ 30.  70. 120.]
[ 37.  94. 183.]
[ 41. 114. 220.]
[ 51. 142. 255.]
[ 66. 169. 255.]
[ 43. 126. 249.]
[ 37. 116. 233.]
[ 42.  90. 200.]
[ 0. 21. 66.]
[28. 47. 82.]
[19. 43. 89.]
[55. 75. 97.]
[ 39.  77. 134.]
[ 45.  76. 134.]
[ 7. 15. 27.]
[11. 26. 75.]
[ 49.  85. 153.]
[ 31.  79. 173.]
[ 31.  95. 210.]
[ 36. 120. 252.]
[ 48. 148. 255.]
[ 20.  52. 118.]
[ 1. 17. 56.]
[ 0. 12. 31.]
[ 5.  8. 19.]
[ 32.  80. 147.]
[ 38.  80. 153.]
[63. 83. 95.]
[ 50.  75. 129.]
[ 9. 14. 34.]
[2. 5. 4.]
[18. 21. 37.]
[ 34.  76. 177.]
[ 30.  87. 207.]
[ 8. 21. 94.]
[214. 242. 252.]
[ 9. 25. 88.]
[ 1. 17. 56.]
[ 2. 14. 32.]
[ 0. 14. 21.]
[ 4. 11. 21.]
[ 1. 13. 11.]
[ 1. 14.  3.]
[ 3. 22. 26.]
[ 4. 19. 27.]
[ 3. 12. 18.]
[ 1. 10. 23.]
[ 0. 38. 89.]
[22. 48. 85.]
[ 0. 24. 74.]
[  0.  36. 109.]
[  0.  45. 120.]
[  1.  42. 104.]
[ 6. 38. 63.]
[ 2. 36. 51.]
[10. 37. 51.]
[10. 39. 50.]
[17. 41. 49.]
[ 51.  83. 125.]
[ 53.  87. 140.]
[24. 49. 71.]
[17. 50. 88.]
[13. 39. 64.]
[25. 55. 89.]
[19. 50. 96.]
[ 19.  56. 116.]
[ 26.  66. 130.]
[ 29.  84. 178.]
[ 41.  82. 142.]
[ 51.  87. 122.]
[ 36.  71. 102.]
[ 50.  87. 118.]
[45. 76. 88.]
[ 50.  82. 107.]
[ 53.  91. 121.]
[36. 72. 98.]
[27. 63. 91.]
[30. 68. 96.]
[ 8. 51. 87.]
[ 8. 51. 94.]
[ 17.  63. 115.]
[ 1. 50. 99.]
[ 5. 50. 91.]
[17. 58. 78.]
[25. 77. 98.]
[ 7. 34. 41.]
[14. 38. 30.]
[0. 4. 1.]
[ 9. 30. 34.]
[ 8. 38. 40.]
[ 5. 42. 47.]
[ 5. 48. 55.]
[ 8. 52. 65.]
[14. 61. 83.]
[ 6. 55. 84.]
[ 30.  78. 111.]
[13. 62. 97.]
[ 5. 47. 69.]
[ 6. 49. 56.]
[ 2. 16. 19.]
[ 3. 49. 55.]
[ 4. 36. 29.]
[1. 1. 1.]
[ 5. 22. 17.]
[13. 34. 33.]
[ 3. 24. 21.]
[13. 39. 41.]
[ 6. 39. 43.]
[ 2. 39. 51.]
[ 6. 43. 58.]
[ 1. 35. 53.]
[ 8. 46. 63.]
[13. 49. 61.]
[10. 40. 46.]
[ 2. 30. 34.]
[ 8. 31. 30.]
[ 0. 20. 15.]
[ 0. 11.  2.]
