[106.  97.  87.]
[117. 110. 101.]
[123. 114. 104.]
[125. 116. 106.]
[128. 118. 109.]
[134. 126. 113.]
[136. 127. 114.]
[137. 128. 120.]
[135. 128. 120.]
[133. 122. 131.]
[128. 120. 126.]
[120. 118. 131.]
[118. 118. 142.]
[117. 117. 147.]
[107. 108. 141.]
[111. 105.  94.]
[122. 116. 105.]
[125. 119. 108.]
[127. 120. 111.]
[131. 125. 114.]
[135. 129. 118.]
[140. 134. 123.]
[141. 135. 124.]
[139. 133. 126.]
[135. 130. 135.]
[135. 129. 134.]
[126. 123. 139.]
[125. 123. 142.]
[114. 122. 162.]
[109. 115. 155.]
[113. 106. 103.]
[123. 118. 109.]
[129. 125. 114.]
[134. 130. 119.]
[133. 128. 119.]
[138. 133. 124.]
[140. 135. 126.]
[146. 141. 132.]
[144. 139. 138.]
[140. 137. 139.]
[137. 135. 141.]
[129. 133. 152.]
[119. 121. 151.]
[121. 125. 154.]
[112. 121. 159.]
[112. 109. 101.]
[119. 116. 108.]
[127. 124. 116.]
[139. 135. 124.]
[144. 140. 129.]
[144. 142. 132.]
[144. 140. 135.]
[141. 140. 144.]
[139. 142. 147.]
[140. 142. 150.]
[140. 139. 141.]
[131. 137. 144.]
[125. 128. 149.]
[120. 126. 157.]
[115. 117. 151.]
[94. 92. 98.]
[105. 104. 108.]
[118. 115. 111.]
[129. 126. 121.]
[143. 141. 130.]
[149. 146. 138.]
[150. 151. 141.]
[148. 148. 148.]
[144. 146. 154.]
[136. 141. 156.]
[140. 141. 151.]
[136. 139. 144.]
[126. 130. 141.]
[112. 122. 146.]
[105. 113. 149.]
[68. 66. 98.]
[ 77.  77. 102.]
[ 84.  84. 108.]
[ 98.  99. 121.]
[112. 114. 133.]
[126. 129. 145.]
[137. 141. 152.]
[142. 149. 156.]
[144. 148. 162.]
[138. 144. 163.]
[135. 142. 159.]
[129. 137. 150.]
[129. 136. 145.]
[118. 125. 142.]
[103. 113. 141.]
[ 57.  60. 106.]
[ 59.  61. 117.]
[ 67.  68. 115.]
[ 75.  74. 114.]
[ 77.  83. 131.]
[ 86.  96. 146.]
[ 97. 110. 168.]
[110. 128. 171.]
[121. 138. 174.]
[119. 139. 173.]
[134. 145. 163.]
[132. 142. 157.]
[120. 135. 157.]
[119. 134. 154.]
[108. 127. 152.]
[ 70.  82. 133.]
[ 58.  75. 157.]
[ 57.  75. 148.]
[ 56.  72. 150.]
[ 57.  75. 150.]
[ 62.  84. 165.]
[ 65.  97. 182.]
[ 78. 112. 187.]
[ 87. 133. 202.]
[ 88. 136. 197.]
[109. 142. 190.]
[115. 142. 172.]
[128. 147. 171.]
[126. 149. 162.]
[120. 147. 168.]
[ 62.  80. 138.]
[ 68.  87. 144.]
[ 68.  92. 156.]
[ 63.  95. 170.]
[ 53.  93. 179.]
[ 49.  98. 190.]
[ 50. 107. 202.]
[ 51. 124. 212.]
[ 59. 137. 224.]
[ 63. 133. 213.]
[ 79. 133. 199.]
[ 92. 141. 193.]
[104. 142. 186.]
[ 98. 143. 187.]
[ 98. 150. 197.]
[ 44.  82. 167.]
[ 53.  87. 170.]
[ 57.  93. 174.]
[ 63. 104. 183.]
[ 63. 110. 186.]
[ 75. 130. 199.]
[ 90. 162. 229.]
[ 84. 161. 233.]
[ 80. 161. 238.]
[ 82. 161. 237.]
[ 76. 166. 239.]
[ 76. 159. 227.]
[ 77. 154. 217.]
[ 77. 160. 226.]
[ 92. 177. 237.]
[ 63. 145. 201.]
[ 76. 164. 221.]
[ 77. 161. 223.]
[ 69. 161. 225.]
[ 57. 160. 234.]
[ 56. 166. 244.]
[ 66. 177. 244.]
[ 97. 219. 241.]
[116. 237. 246.]
[114. 232. 244.]
[120. 238. 248.]
[117. 219. 247.]
[109. 196. 237.]
[101. 180. 230.]
[ 95. 177. 219.]
[ 78. 128. 158.]
[ 75. 127. 153.]
[ 83. 142. 168.]
[ 82. 146. 176.]
[ 83. 152. 179.]
[ 90. 158. 181.]
[ 90. 161. 199.]
[ 88. 159. 197.]
[ 99. 189. 229.]
[107. 230. 244.]
[101. 210. 242.]
[ 74. 156. 200.]
[ 80. 150. 190.]
[ 65. 137. 171.]
[ 71. 141. 181.]
[ 29.  92. 166.]
[ 33.  98. 173.]
[ 32.  97. 186.]
[ 69.  98. 156.]
[ 41. 101. 177.]
[ 41. 100. 177.]
[ 48. 123. 193.]
[ 42. 125. 195.]
[ 31. 123. 184.]
[ 34.  77. 134.]
[ 46.  86. 135.]
[ 41. 101. 169.]
[ 47. 112. 164.]
[ 46. 111. 167.]
[ 37. 101. 159.]
[ 33.  70. 133.]
[ 26.  77. 144.]
[ 31.  78. 143.]
[3. 3. 3.]
[ 13.  53. 137.]
[ 36.  75. 169.]
[ 30.  76. 162.]
[ 29.  79. 172.]
[ 23.  90. 202.]
[ 28.  76. 181.]
[27. 47. 76.]
[ 34.  67. 134.]
[ 33.  60. 115.]
[ 33.  55. 104.]
[28. 47. 94.]
[1. 1. 1.]
[1. 1. 1.]
[1. 0. 3.]
[1. 2. 0.]
[2. 2. 2.]
[39. 35. 50.]
[40. 37. 50.]
[39. 38. 49.]
[16. 16. 17.]
[12. 10. 12.]
[1. 1. 1.]
[3. 2. 4.]
[1. 0. 1.]
[3. 2. 4.]
[1. 1. 0.]
