[166. 168. 185.]
[140. 141. 161.]
[145. 154. 195.]
[126. 130. 170.]
[115. 113. 139.]
[112. 110. 129.]
[105. 113. 173.]
[104. 107. 147.]
[101. 103. 138.]
[117. 121. 162.]
[128. 132. 174.]
[116. 117. 161.]
[112. 110. 142.]
[120. 110. 126.]
[110. 100. 106.]
[138. 140. 169.]
[143. 148. 190.]
[118. 131. 194.]
[133. 134. 152.]
[ 97. 124. 227.]
[129. 129. 157.]
[111. 124. 199.]
[ 92. 114. 205.]
[102. 104. 148.]
[112. 130. 209.]
[130. 138. 187.]
[117. 124. 176.]
[111. 117. 170.]
[101. 100. 140.]
[104.  98. 121.]
[153. 187. 251.]
[141. 144. 164.]
[119. 136. 212.]
[131. 139. 179.]
[ 93. 128. 236.]
[103. 114. 174.]
[ 92. 115. 204.]
[ 95. 119. 213.]
[114. 117. 160.]
[124. 131. 176.]
[109. 125. 190.]
[ 99. 111. 182.]
[ 99. 105. 169.]
[104. 107. 158.]
[107. 103. 130.]
[158. 161. 174.]
[117. 128. 186.]
[ 96. 143. 251.]
[116. 131. 192.]
[ 73. 129. 250.]
[109. 120. 169.]
[103. 105. 139.]
[106. 108. 142.]
[ 96. 112. 186.]
[ 96. 103. 163.]
[107. 122. 194.]
[116. 126. 182.]
[102. 108. 167.]
[117. 120. 171.]
[ 99. 102. 147.]
[114. 176. 252.]
[153. 159. 171.]
[137. 147. 194.]
[ 96. 116. 199.]
[ 47. 151. 253.]
[105. 107. 146.]
[100. 111. 163.]
[ 81. 112. 208.]
[112. 115. 147.]
[ 99. 103. 149.]
[103. 107. 148.]
[ 98. 108. 169.]
[ 96. 105. 167.]
[106. 112. 170.]
[109. 112. 155.]
[167. 174. 183.]
[132. 142. 187.]
[118. 133. 200.]
[114. 132. 196.]
[106. 109. 142.]
[ 87. 125. 225.]
[ 99. 106. 156.]
[104. 112. 151.]
[ 93.  96. 138.]
[ 98. 101. 133.]
[ 92.  93. 128.]
[ 89.  92. 136.]
[ 96. 100. 147.]
[ 96. 102. 161.]
[ 92.  99. 156.]
[132. 148. 208.]
[119. 130. 180.]
[117. 123. 158.]
[102. 110. 151.]
[ 70. 135. 249.]
[115. 126. 165.]
[ 85. 113. 204.]
[ 87. 105. 184.]
[ 90.  96. 145.]
[ 88.  94. 141.]
[ 93. 100. 152.]
[ 95. 100. 143.]
[ 91.  92. 138.]
[ 92.  96. 147.]
[ 84.  89. 144.]
[105. 141. 237.]
[103. 134. 236.]
[115. 131. 198.]
[ 95. 108. 161.]
[ 86. 122. 217.]
[ 90. 101. 158.]
[ 91. 113. 192.]
[ 93. 112. 174.]
[ 82.  96. 163.]
[ 83. 108. 204.]
[ 78. 104. 188.]
[ 85. 101. 169.]
[ 88.  94. 147.]
[ 83.  92. 142.]
[ 85.  85. 131.]
[ 99. 111. 175.]
[ 72. 137. 246.]
[ 91. 113. 192.]
[ 84. 119. 211.]
[ 81. 118. 221.]
[ 91.  99. 152.]
[ 68. 117. 245.]
[ 79. 103. 187.]
[ 72. 110. 216.]
[ 84. 102. 176.]
[ 93. 109. 178.]
[ 84.  97. 160.]
[ 88.  98. 154.]
[ 90.  97. 142.]
[ 85.  99. 161.]
[ 72. 127. 242.]
[ 85. 122. 217.]
[ 57. 131. 245.]
[ 71. 115. 228.]
[ 73. 109. 216.]
[ 84. 100. 177.]
[ 78.  99. 164.]
[ 83. 114. 206.]
[ 72. 116. 234.]
[ 67. 118. 238.]
[ 79. 110. 211.]
[ 86.  98. 152.]
[ 98. 115. 188.]
[ 90. 105. 166.]
[ 93.  95. 124.]
[ 54. 145. 254.]
[ 56. 150. 254.]
[ 72. 119. 236.]
[ 75. 114. 222.]
[ 62. 121. 246.]
[ 57. 121. 249.]
[ 60. 117. 241.]
[ 49. 122. 254.]
[ 41. 134. 253.]
[ 65. 120. 241.]
[ 74. 111. 212.]
[ 84. 103. 171.]
[ 87. 108. 181.]
[ 90. 108. 175.]
[ 92. 113. 187.]
[ 64. 145. 255.]
[ 58. 144. 254.]
[ 67. 133. 247.]
[ 80. 111. 196.]
[ 74. 120. 225.]
[ 83. 123. 219.]
[ 77. 117. 216.]
[ 52. 170. 253.]
[ 58. 119. 244.]
[ 51. 126. 253.]
[ 46. 130. 255.]
[ 69. 121. 242.]
[ 79. 115. 210.]
[ 79. 114. 203.]
[ 88. 108. 166.]
[ 70. 138. 255.]
[ 53. 151. 255.]
[ 42. 155. 253.]
[ 65. 127. 245.]
[ 80. 111. 190.]
[ 84. 116. 197.]
[ 80. 109. 185.]
[ 78. 109. 189.]
[ 77. 112. 199.]
[ 80. 105. 177.]
[ 81. 100. 161.]
[ 82. 103. 164.]
[ 87. 113. 179.]
[ 83. 101. 162.]
[ 80.  99. 158.]
[ 59. 182. 254.]
[ 53. 176. 253.]
[ 44. 165. 251.]
[ 34. 139. 254.]
[ 37. 152. 249.]
[ 41. 131. 252.]
[ 50. 127. 253.]
[ 60. 121. 235.]
[ 62. 123. 240.]
[ 61. 116. 237.]
[ 70. 106. 204.]
[ 75. 104. 183.]
[ 80. 110. 191.]
[ 75. 106. 189.]
[ 68. 108. 204.]
[ 77. 204. 254.]
[ 78. 182. 254.]
[ 80. 177. 254.]
[ 84. 189. 253.]
[ 72. 143. 246.]
[ 43. 140. 254.]
[ 50. 149. 255.]
[ 70. 125. 222.]
[ 52. 128. 250.]
[ 63. 119. 230.]
[ 64. 124. 233.]
[ 72. 121. 220.]
[ 72. 118. 218.]
[ 64. 113. 215.]
[ 62. 106. 208.]
