[84. 50. 78.]
[91. 50. 67.]
[103.  52.  41.]
[96. 54. 66.]
[100.  50.  38.]
[108.  51.  29.]
[105.  48.  25.]
[107.  53.  37.]
[97. 47. 37.]
[108.  56.  45.]
[92. 46. 38.]
[111.  73. 100.]
[126.  69.  56.]
[103.  55.  46.]
[111.  54.  32.]
[91. 56. 87.]
[ 86.  66. 118.]
[98. 61. 92.]
[108.  61.  70.]
[105.  60.  79.]
[104.  51.  35.]
[109.  52.  35.]
[102.  47.  31.]
[108.  59.  54.]
[120.  88. 123.]
[83. 42. 40.]
[100.  63.  84.]
[105.  53.  41.]
[107.  52.  36.]
[96. 47. 33.]
[98. 58. 79.]
[ 92.  61. 100.]
[91. 49. 49.]
[ 93.  81. 139.]
[107.  93. 156.]
[122.  76.  71.]
[115.  63.  47.]
[107.  65.  78.]
[109.  75. 107.]
[97. 56. 68.]
[ 76.  98. 202.]
[104.  57.  52.]
[109.  73.  99.]
[94. 50. 42.]
[96. 48. 33.]
[104.  60.  59.]
[ 89. 105. 200.]
[92. 52. 66.]
[95. 64. 94.]
[117.  76.  92.]
[139.  85.  71.]
[177. 114.  78.]
[116.  77.  98.]
[ 84.  83. 159.]
[ 97.  66. 101.]
[85. 46. 46.]
[92. 47. 34.]
[86. 46. 52.]
[88. 46. 38.]
[112.  59.  44.]
[102.  60.  70.]
[91. 52. 65.]
[87. 54. 72.]
[ 91. 118. 216.]
[100.  71. 101.]
[182. 125. 100.]
[121.  75.  73.]
[104. 110. 192.]
[ 94.  79. 126.]
[104.  59.  53.]
[101.  72. 102.]
[93. 51. 51.]
[104.  60.  52.]
[103.  59.  52.]
[114.  71.  83.]
[114.  80. 103.]
[110.  70.  87.]
[117. 113. 181.]
[105.  74. 101.]
[113.  72.  78.]
[128. 113. 168.]
[ 79.  76. 142.]
[109. 148. 244.]
[ 97.  89. 150.]
[93. 58. 76.]
[102.  62.  68.]
[ 96.  84. 137.]
[90. 52. 48.]
[100.  61.  60.]
[ 94.  69. 105.]
[ 80.  92. 173.]
[ 84. 106. 196.]
[110. 113. 179.]
[131. 111. 153.]
[132.  98. 116.]
[ 85.  78. 139.]
[ 93. 123. 218.]
[ 98.  78. 113.]
[ 92.  86. 145.]
[ 80.  87. 158.]
[ 94.  68. 103.]
[91. 63. 95.]
[ 99.  74. 114.]
[ 86.  76. 127.]
[ 99.  76. 114.]
[146. 121. 156.]
[179. 153. 174.]
[106. 143. 233.]
[162. 139. 169.]
[141. 131. 178.]
[101. 114. 198.]
[ 91. 118. 216.]
[117. 152. 239.]
[119. 107. 154.]
[ 98. 119. 202.]
[ 89.  75. 119.]
[113.  88. 115.]
[106.  78. 101.]
[ 96.  89. 140.]
[ 99.  97. 154.]
[181. 163. 182.]
[205. 175. 148.]
[219. 190. 164.]
[154. 178. 243.]
[125. 179. 255.]
[181. 211. 255.]
[116. 215. 255.]
[109. 146. 237.]
[126. 116. 162.]
[123. 167. 248.]
[ 99. 130. 216.]
[103.  91. 134.]
[113. 104. 149.]
[100. 103. 169.]
[16. 12. 11.]
[165. 167. 200.]
[210. 198. 184.]
[143. 182. 250.]
[177. 163. 154.]
[230. 214. 192.]
[166. 229. 255.]
[147. 203. 255.]
[171. 246. 255.]
[116. 193. 255.]
[14. 12. 20.]
[15. 11. 28.]
[31. 21. 16.]
[ 92.  85. 124.]
[ 95.  73. 102.]
[43. 32. 22.]
[104.  85.  87.]
[114.  92. 108.]
[120. 102. 121.]
[121. 119. 142.]
[190. 212. 224.]
[203. 228. 235.]
[231. 254. 255.]
[202. 241. 254.]
[23. 17. 21.]
[23. 25. 22.]
[33. 23. 26.]
[24. 14. 15.]
[28. 17. 18.]
[24. 16. 14.]
[17.  9.  7.]
[21. 11. 15.]
[69. 64. 67.]
[20. 16. 17.]
[21. 13. 19.]
[15. 11. 15.]
[25. 18. 22.]
[ 8.  6. 15.]
[20. 10. 11.]
[47. 28. 20.]
[28. 17. 10.]
[30. 20. 10.]
[3. 6. 1.]
[3. 3. 0.]
[6. 3. 1.]
[11.  4.  6.]
[56. 51. 78.]
[122. 109. 132.]
[125. 118. 140.]
[135. 138. 170.]
[126. 132. 165.]
[117. 139. 191.]
[111. 150. 224.]
[ 73. 115. 202.]
[ 54.  90. 177.]
[44. 47. 86.]
[ 60.  65. 117.]
[47. 33. 55.]
[63. 52. 83.]
[54. 53. 96.]
[38. 25. 48.]
[ 74.  70. 100.]
[55. 46. 72.]
[ 98.  88. 115.]
[101. 101. 132.]
[126. 135. 174.]
[144. 167. 211.]
[ 43.  80. 160.]
[ 56.  99. 186.]
[ 59.  96. 180.]
[37. 44. 89.]
[37. 38. 76.]
[49. 35. 58.]
[56. 50. 74.]
[38. 33. 62.]
[41. 33. 52.]
[24. 14. 28.]
[37. 31. 47.]
[50. 46. 72.]
[ 92.  92. 120.]
[108. 121. 159.]
[111. 131. 182.]
[ 69. 111. 190.]
[ 49.  86. 166.]
[ 35.  70. 153.]
[45. 52. 99.]
[ 58.  69. 123.]
[39. 26. 45.]
[41. 30. 48.]
[39. 36. 65.]
[39. 26. 37.]
