[115.  91. 115.]
[131. 110. 142.]
[127. 107. 142.]
[116.  99. 133.]
[106.  94. 136.]
[105.  84. 114.]
[86. 64. 79.]
[90. 72. 95.]
[100.  87. 125.]
[101.  92. 132.]
[ 98.  84. 108.]
[114. 115. 163.]
[111. 103. 142.]
[107. 103. 129.]
[ 99.  97. 127.]
[124. 105. 148.]
[130. 120. 157.]
[126. 115. 165.]
[114. 108. 167.]
[111. 101. 154.]
[110.  97. 143.]
[92. 71. 85.]
[93. 73. 88.]
[106.  96. 138.]
[106.  91. 129.]
[106.  84. 103.]
[111.  86.  98.]
[119.  98. 123.]
[120. 107. 131.]
[109. 100. 120.]
[130. 119. 166.]
[134. 116. 158.]
[128. 116. 166.]
[125. 117. 177.]
[115. 103. 151.]
[108.  95. 147.]
[107.  84. 113.]
[106.  85. 111.]
[103.  85. 110.]
[120. 104. 152.]
[113.  83.  94.]
[117.  88.  94.]
[129. 104. 138.]
[127. 107. 129.]
[121. 113. 144.]
[125. 101. 111.]
[133. 116. 159.]
[131. 125. 178.]
[126. 111. 162.]
[116.  98. 141.]
[105.  89. 150.]
[110.  93. 127.]
[105.  86. 105.]
[109.  88. 120.]
[115.  86. 102.]
[119.  89. 102.]
[127. 101. 114.]
[135. 118. 150.]
[131. 121. 155.]
[120. 121. 156.]
[128. 103. 113.]
[139. 121. 152.]
[134. 122. 164.]
[129. 108. 141.]
[114. 104. 164.]
[ 91.  96. 181.]
[107.  96. 136.]
[108.  88. 112.]
[113.  82.  91.]
[116.  86.  97.]
[123.  97. 111.]
[126.  95. 110.]
[137. 117. 146.]
[136. 151. 190.]
[114. 116. 156.]
[127.  90.  76.]
[137. 103. 110.]
[132. 103. 127.]
[127. 105. 147.]
[119. 103. 150.]
[119. 115. 170.]
[116. 105. 137.]
[113.  92. 116.]
[119.  94. 108.]
[123.  92.  99.]
[131. 112. 137.]
[134. 113. 136.]
[134. 138. 177.]
[134. 127. 164.]
[114. 113. 153.]
[135.  93.  80.]
[128. 106. 133.]
[123. 105. 141.]
[132. 102. 118.]
[115. 123. 205.]
[117. 107. 157.]
[123. 108. 135.]
[130. 109. 135.]
[130. 105. 115.]
[134. 108. 124.]
[135. 115. 138.]
[138. 126. 154.]
[138. 124. 152.]
[128. 124. 156.]
[119. 112. 138.]
[134.  97.  86.]
[144. 105. 107.]
[141. 112. 136.]
[145. 112. 128.]
[140. 112. 133.]
[138. 108. 121.]
[129. 133. 194.]
[142. 109. 113.]
[145. 130. 158.]
[143. 135. 162.]
[145. 145. 175.]
[145. 123. 139.]
[143. 122. 144.]
[122. 128. 170.]
[111. 118. 159.]
[109.  87.  99.]
[112.  91. 113.]
[151. 115.  99.]
[154. 116. 112.]
[144. 130. 154.]
[150. 131. 146.]
[154. 127. 137.]
[158. 135. 148.]
[160. 141. 158.]
[160. 148. 168.]
[151. 173. 211.]
[156. 138. 165.]
[147. 145. 175.]
[115. 154. 209.]
[ 93. 125. 180.]
[118. 100. 116.]
[134. 122. 162.]
[155. 127. 139.]
[148. 128. 153.]
[166. 137. 139.]
[168. 145. 157.]
[166. 164. 184.]
[171. 172. 197.]
[174. 169. 188.]
[159. 171. 218.]
[133. 139. 186.]
[155. 159. 188.]
[134. 147. 185.]
[115. 131. 177.]
[ 87. 124. 180.]
[90. 74. 92.]
[109.  90. 132.]
[139. 130. 156.]
[144. 141. 173.]
[167. 171. 190.]
[178. 196. 225.]
[183. 195. 222.]
[187. 181. 197.]
[159. 164. 197.]
[148. 160. 202.]
[166. 174. 203.]
[141. 177. 227.]
[135. 169. 222.]
[ 79. 119. 204.]
[ 75. 108. 181.]
[85. 71. 89.]
[ 95.  82. 109.]
[100. 105. 165.]
[129. 141. 202.]
[178. 183. 213.]
[163. 173. 212.]
[190. 197. 215.]
[149. 169. 214.]
[109. 125. 174.]
[112. 128. 193.]
[ 83. 134. 231.]
[ 66. 153. 252.]
[109. 184. 251.]
[ 76. 141. 219.]
[ 52.  96. 174.]
[ 72.  80. 151.]
[ 88.  92. 164.]
[ 88.  97. 176.]
[ 93. 105. 155.]
[ 84. 106. 186.]
[ 69.  91. 204.]
[ 91. 103. 159.]
[ 80. 125. 221.]
[171. 197. 234.]
[157. 199. 222.]
[156. 192. 231.]
[109. 170. 235.]
[ 67. 155. 243.]
[ 54. 138. 217.]
[ 32. 129. 214.]
[ 71.  72. 103.]
[ 77.  87. 138.]
[ 89.  89. 140.]
[ 78.  94. 155.]
[ 69.  95. 163.]
[ 64.  92. 163.]
[ 52. 119. 233.]
[ 17. 180. 251.]
[ 82. 146. 233.]
[ 74. 135. 233.]
[ 71. 149. 230.]
[ 72. 141. 214.]
[ 65. 130. 204.]
[ 57. 116. 186.]
[ 40.  94. 154.]
[33. 26. 29.]
[42. 34. 51.]
[47. 40. 53.]
[46. 45. 61.]
[50. 54. 73.]
[48. 59. 87.]
[ 54.  66. 100.]
[49. 60. 98.]
[43. 57. 97.]
[44. 62. 99.]
[ 49.  74. 119.]
[ 43.  75. 128.]
[ 44.  76. 125.]
[ 32.  61. 106.]
[20. 40. 75.]
