[157.  96. 123.]
[125.  77.  97.]
[125.  97. 176.]
[139.  91. 119.]
[155.  97. 126.]
[170. 118. 178.]
[173. 110. 157.]
[163. 103. 141.]
[181. 114. 153.]
[179. 101. 118.]
[196. 104.  99.]
[195. 102.  87.]
[193. 100. 116.]
[239. 137. 151.]
[51. 51. 84.]
[146.  90. 110.]
[135.  89. 117.]
[144. 101. 140.]
[172. 112. 143.]
[178. 126. 173.]
[170. 122. 196.]
[152.  98. 130.]
[156. 106. 163.]
[158.  97. 107.]
[170. 111. 164.]
[141.  82. 115.]
[189. 101. 109.]
[209. 117. 155.]
[217. 122. 161.]
[24. 16. 39.]
[144.  86. 104.]
[123.  81. 106.]
[152. 106. 138.]
[128.  84. 100.]
[122.  79.  98.]
[127.  86. 126.]
[123.  94. 168.]
[183. 134. 208.]
[127.  91. 152.]
[137.  78.  89.]
[130.  78. 123.]
[155.  94. 142.]
[188. 106. 163.]
[209. 116. 154.]
[27. 34. 72.]
[123.  94. 149.]
[115.  93. 161.]
[132. 113. 208.]
[119.  83. 116.]
[114.  71.  98.]
[129.  84. 109.]
[124. 106. 223.]
[123.  80.  93.]
[105.  72. 122.]
[123.  85. 143.]
[105.  64. 103.]
[143.  89. 145.]
[166.  89. 113.]
[179.  99. 140.]
[30. 39. 63.]
[140. 118. 221.]
[142. 124. 225.]
[126. 110. 224.]
[118. 100. 197.]
[ 95.  81. 158.]
[104.  72. 107.]
[ 99.  72. 112.]
[108.  82. 127.]
[ 97.  69. 106.]
[112.  76. 116.]
[111.  83. 147.]
[114.  85. 179.]
[152. 102. 175.]
[176. 127. 233.]
[12. 19. 52.]
[148. 128. 209.]
[184. 162. 234.]
[107.  86. 154.]
[124. 106. 202.]
[ 96.  84. 161.]
[ 84.  96. 251.]
[ 92.  86. 181.]
[ 88.  85. 192.]
[ 97.  83. 177.]
[105.  79. 142.]
[ 99.  75. 124.]
[107.  82. 152.]
[131.  93. 165.]
[172. 108. 162.]
[16. 31. 58.]
[157. 133. 218.]
[111.  94. 161.]
[ 72.  98. 247.]
[ 84.  94. 222.]
[ 67. 100. 253.]
[ 98.  90. 178.]
[111. 102. 168.]
[102.  95. 188.]
[112. 101. 205.]
[107.  98. 165.]
[ 88.  66. 112.]
[104.  79. 134.]
[124.  94. 166.]
[17. 25. 51.]
[18. 23. 41.]
[ 93.  86. 166.]
[ 90.  72. 112.]
[ 88.  96. 213.]
[100. 112. 227.]
[ 75.  82. 155.]
[102. 125. 246.]
[ 71. 105. 250.]
[ 57.  89. 227.]
[ 98.  82. 150.]
[ 89.  87. 174.]
[ 99.  94. 190.]
[ 92.  82. 176.]
[ 95. 108. 250.]
[29. 32. 68.]
[19. 25. 50.]
[104. 100. 177.]
[102. 110. 225.]
[119. 129. 214.]
[ 96. 121. 235.]
[ 74.  82. 153.]
[129. 154. 245.]
[ 81. 138. 254.]
[ 74. 136. 253.]
[ 93. 153. 252.]
[ 85. 112. 251.]
[121. 125. 220.]
[123. 119. 227.]
[142. 124. 221.]
[ 62.  69. 107.]
[41. 40. 77.]
[ 99.  97. 176.]
[ 98. 104. 198.]
[ 6.  4. 30.]
[110. 106. 182.]
[ 1.  5. 54.]
[ 83. 105. 199.]
[141. 225. 255.]
[134. 217. 255.]
[132. 182. 255.]
[ 89. 125. 241.]
[ 91. 112. 234.]
[ 91. 101. 214.]
[106. 105. 196.]
[12. 19. 52.]
[36. 39. 56.]
[148. 154. 202.]
[ 48.  46. 108.]
[ 13.  22. 100.]
[ 47.  80. 168.]
[ 91. 112. 155.]
[140. 193. 244.]
[176. 239. 255.]
[ 74. 102. 212.]
[ 79.  77. 134.]
[ 74.  84. 176.]
[ 90.  97. 201.]
[107.  98. 169.]
[ 2. 11. 47.]
[ 4.  8. 23.]
[65. 58. 96.]
[156. 222. 255.]
[54. 53. 68.]
[ 0.  5. 18.]
[ 53.  60. 120.]
[ 2.  7. 40.]
[104. 123. 185.]
[  6.  28. 114.]
[ 71.  97. 204.]
[ 55. 105. 237.]
[ 77. 100. 201.]
[ 83.  93. 184.]
[ 99. 120. 238.]
[23. 38. 75.]
[ 1.  4. 15.]
[23. 26. 39.]
[14. 23. 45.]
[19. 22. 30.]
[1. 0. 7.]
[ 31.  49. 104.]
[ 41.  63. 111.]
[ 0.  6. 19.]
[13. 20. 51.]
[ 27. 123. 254.]
[ 54.  94. 220.]
[ 39. 118. 253.]
[ 60.  73. 113.]
[ 87. 116. 229.]
[3. 2. 6.]
[ 2. 11. 26.]
[10. 15. 27.]
[13. 12. 23.]
[24. 14. 22.]
[26. 15. 26.]
[11. 19. 30.]
[16. 20. 30.]
[21. 14. 27.]
[1. 4. 5.]
[ 9. 14. 17.]
[17. 17. 31.]
[ 78. 119. 135.]
[24. 16. 26.]
[23. 16. 29.]
[24. 13. 21.]
[30. 17. 29.]
[29. 23. 31.]
[ 7.  8. 12.]
[34. 27. 46.]
[99. 62. 66.]
[90. 59. 59.]
[10.  9. 14.]
[ 7. 10.  9.]
[1. 1. 1.]
[6. 6. 6.]
[57. 27. 36.]
[52. 34. 37.]
[33. 21. 25.]
[42. 27. 30.]
[20. 16. 22.]
[43. 13. 22.]
[77. 43. 51.]
