[83. 69. 81.]
[88. 72. 89.]
[90. 73. 93.]
[ 85.  74. 110.]
[ 91.  79. 128.]
[ 91.  78. 114.]
[ 98.  84. 126.]
[101.  88. 118.]
[107.  89. 118.]
[107.  95. 114.]
[105.  99. 141.]
[124. 102. 121.]
[120. 107. 118.]
[123. 111. 127.]
[129. 115. 126.]
[86. 72. 84.]
[91. 77. 89.]
[90. 76. 88.]
[87. 75. 95.]
[ 86.  76. 120.]
[ 92.  81. 128.]
[ 95.  82. 129.]
[ 98.  86. 127.]
[109.  89. 117.]
[110.  97. 123.]
[110.  96. 133.]
[107.  99. 139.]
[118. 113. 134.]
[126. 115. 143.]
[132. 121. 133.]
[92. 78. 90.]
[97. 86. 89.]
[98. 83. 96.]
[ 95.  82. 102.]
[95. 78. 99.]
[ 93.  80. 124.]
[ 98.  82. 137.]
[102.  88. 136.]
[110.  95. 129.]
[106.  99. 130.]
[109. 101. 145.]
[113. 108. 139.]
[115. 109. 158.]
[121. 113. 157.]
[131. 123. 150.]
[92. 80. 87.]
[99. 84. 99.]
[99. 90. 99.]
[100.  89. 103.]
[ 98.  86. 106.]
[ 97.  83. 109.]
[ 95.  84. 132.]
[101.  87. 152.]
[106.  92. 145.]
[114. 102. 148.]
[115. 105. 156.]
[114. 107. 161.]
[117. 110. 172.]
[123. 117. 163.]
[138. 137. 156.]
[88. 79. 88.]
[99. 87. 90.]
[100.  90. 103.]
[103.  91. 109.]
[101.  90. 109.]
[106.  92. 116.]
[101.  92. 114.]
[101.  93. 137.]
[104.  97. 158.]
[106.  98. 160.]
[119. 112. 175.]
[121. 119. 179.]
[120. 117. 178.]
[128. 128. 169.]
[140. 141. 176.]
[85. 76. 90.]
[ 87.  80. 105.]
[ 92.  86. 104.]
[ 90.  84. 107.]
[ 95.  87. 108.]
[ 93.  87. 110.]
[ 99.  90. 110.]
[101.  95. 132.]
[116. 107. 158.]
[116. 108. 172.]
[124. 116. 186.]
[128. 128. 188.]
[132. 133. 189.]
[128. 126. 180.]
[131. 131. 179.]
[85. 79. 85.]
[87. 85. 94.]
[92. 89. 99.]
[ 88.  88. 117.]
[ 97.  94. 123.]
[ 97.  98. 127.]
[ 94.  89. 145.]
[ 97.  96. 139.]
[104. 102. 132.]
[108. 110. 167.]
[106. 110. 192.]
[123. 131. 190.]
[128. 132. 202.]
[128. 138. 203.]
[133. 148. 174.]
[75. 75. 88.]
[83. 84. 95.]
[ 92.  86. 107.]
[ 93.  95. 108.]
[100.  99. 121.]
[ 99. 101. 138.]
[108. 113. 144.]
[120. 123. 148.]
[122. 127. 165.]
[111. 114. 164.]
[ 89.  95. 171.]
[ 93. 100. 193.]
[ 96. 106. 217.]
[129. 144. 220.]
[129. 145. 201.]
[70. 66. 85.]
[76. 70. 93.]
[ 82.  83. 104.]
[ 79.  91. 114.]
[ 93.  95. 131.]
[ 95. 102. 142.]
[ 99. 115. 152.]
[114. 125. 171.]
[114. 137. 179.]
[ 97. 115. 201.]
[ 99. 115. 218.]
[125. 151. 219.]
[ 92. 102. 199.]
[ 90.  94. 222.]
[ 87.  96. 197.]
[18. 21. 23.]
[54. 55. 85.]
[32. 29. 63.]
[17. 17. 47.]
[40. 54. 82.]
[ 70.  72. 111.]
[ 72.  70. 129.]
[ 75.  76. 156.]
[ 82.  94. 182.]
[ 77. 100. 201.]
[ 93. 123. 229.]
[105. 151. 227.]
[ 87. 121. 206.]
[ 92. 108. 209.]
[21. 43. 94.]
[23. 28. 46.]
[51. 44. 67.]
[44. 40. 74.]
[30. 33. 68.]
[ 4. 25. 81.]
[ 48.  64. 158.]
[ 52.  57. 117.]
[ 79.  77. 142.]
[ 76.  78. 153.]
[ 79.  82. 171.]
[ 72.  87. 170.]
[10. 21. 49.]
[ 79.  92. 189.]
[27. 32. 41.]
[41. 38. 40.]
[83. 79. 91.]
[74. 74. 90.]
[77. 77. 95.]
[ 73.  79. 102.]
[ 84.  86. 107.]
[ 84.  86. 117.]
[ 86.  92. 121.]
[ 92.  96. 126.]
[ 94.  97. 138.]
[ 91.  96. 150.]
[ 88.  97. 156.]
[105. 112. 147.]
[ 8. 10. 27.]
[ 6.  9. 19.]
[15. 16. 16.]
[ 98.  96. 118.]
[110. 106. 125.]
[112. 104. 134.]
[106. 104. 134.]
[114. 121. 170.]
[118. 124. 169.]
[124. 129. 174.]
[119. 124. 169.]
[132. 143. 193.]
[133. 143. 210.]
[128. 148. 223.]
[120. 131. 185.]
[67. 65. 97.]
[20. 24. 38.]
[ 4. 12. 20.]
[100.  96. 115.]
[102.  98. 117.]
[105. 100. 123.]
[105. 102. 126.]
[102. 112. 170.]
[112. 119. 162.]
[119. 127. 176.]
[128. 141. 189.]
[134. 145. 196.]
[127. 143. 206.]
[121. 136. 207.]
[126. 146. 210.]
[38. 34. 67.]
[ 84.  93. 136.]
[44. 41. 74.]
[ 89.  85. 104.]
[ 92.  88. 107.]
[ 94.  88. 111.]
[ 88.  90. 118.]
[103. 102. 145.]
[102. 106. 134.]
[107. 113. 147.]
[121. 123. 157.]
[116. 121. 165.]
[114. 124. 181.]
[113. 124. 187.]
[ 64.  66. 110.]
[58. 45. 92.]
[53. 52. 81.]
[57. 57. 80.]
