[119.  80. 118.]
[114.  87. 127.]
[130.  92. 134.]
[144.  94. 132.]
[128.  91. 137.]
[138.  91. 137.]
[149.  88. 114.]
[135.  92. 136.]
[141.  94. 142.]
[101.  62.  90.]
[1. 1. 1.]
[0. 0. 0.]
[0. 0. 0.]
[0. 0. 0.]
[0. 0. 0.]
[138.  88. 128.]
[143.  96. 134.]
[149.  99. 140.]
[158. 150. 212.]
[154. 134. 197.]
[147. 105. 158.]
[139.  89. 131.]
[138.  89. 128.]
[153.  97. 129.]
[135. 101. 164.]
[136.  97. 155.]
[122.  96. 156.]
[ 88. 106. 205.]
[  4. 107. 223.]
[ 82. 101. 192.]
[157. 150. 211.]
[154.  98. 112.]
[165. 102. 118.]
[162. 102. 118.]
[165. 102. 125.]
[151. 108. 150.]
[162. 127. 168.]
[160.  98. 121.]
[158. 100. 131.]
[157.  99. 139.]
[157.  97. 128.]
[151.  92. 122.]
[133. 107. 161.]
[155.  98. 126.]
[152. 101. 142.]
[149.  95. 125.]
[152. 102. 143.]
[159. 103. 129.]
[164. 108. 127.]
[161. 103. 127.]
[125. 148. 221.]
[158. 136. 191.]
[154.  97. 124.]
[133.  88. 123.]
[135.  84. 122.]
[101.  77. 117.]
[111.  85. 131.]
[107.  86. 138.]
[137.  94. 135.]
[167. 114. 149.]
[61. 22. 50.]
[171. 120. 148.]
[165. 117. 143.]
[166. 114. 138.]
[164. 109. 136.]
[163. 107. 130.]
[159. 102. 123.]
[108.  76. 113.]
[60. 48. 95.]
[122.  90. 136.]
[ 75.  70. 116.]
[ 87.  73. 126.]
[129.  96. 141.]
[123.  95. 142.]
[101.  85. 138.]
[127. 103. 145.]
[ 95. 113. 180.]
[116. 127. 197.]
[154. 123. 166.]
[157. 127. 171.]
[152. 127. 171.]
[155. 112. 150.]
[ 66.  70. 131.]
[ 51.  52. 112.]
[ 45.  57. 123.]
[ 46.  56. 117.]
[ 48.  70. 147.]
[ 66.  72. 137.]
[ 61.  62. 115.]
[ 89.  88. 152.]
[107. 121. 173.]
[ 80.  68. 116.]
[ 73.  65. 128.]
[ 52.  59. 132.]
[ 23.  64. 166.]
[ 42.  44. 114.]
[ 39.  55. 134.]
[ 30. 145. 248.]
[ 25. 162. 239.]
[  8.  83. 180.]
[ 17.  71. 168.]
[ 26.  66. 155.]
[ 32.  65. 145.]
[ 51.  80. 160.]
[ 64.  89. 169.]
[ 74.  82. 152.]
[ 96. 131. 202.]
[  8.  32. 108.]
[ 10.  77. 189.]
[  5.  68. 175.]
[ 2.  0. 11.]
[13. 16. 30.]
[  6.  85. 227.]
[ 30. 201. 255.]
[  7. 212. 255.]
[ 9. 17. 60.]
[47. 61. 50.]
[42. 53. 42.]
[39. 69. 94.]
[2. 7. 6.]
[4. 2. 3.]
[11.  8. 13.]
[43. 29. 46.]
[24. 14. 28.]
[14. 13. 23.]
[3. 1. 4.]
[11. 13. 56.]
[ 9. 10. 17.]
[ 0.  3. 13.]
[31. 31. 46.]
[3. 2. 6.]
[51. 31. 43.]
[19. 14. 23.]
[31. 20. 28.]
[17.  9. 19.]
[14.  8. 13.]
[37. 27. 40.]
[31. 22. 32.]
[23. 15. 25.]
[19. 14. 23.]
[10.  5. 15.]
[15. 12. 23.]
[19. 11. 26.]
[16. 16. 34.]
[22. 19. 44.]
[18. 14. 25.]
[23. 16. 30.]
[19. 11. 21.]
[13. 10. 16.]
[15.  9. 15.]
[16. 12. 18.]
[14. 11. 20.]
[24. 14. 28.]
[32. 24. 41.]
[35. 26. 46.]
[19. 14. 32.]
[30. 19. 42.]
[ 0.  1. 10.]
[1. 0. 2.]
[1. 0. 3.]
[3. 0. 0.]
[14.  3. 21.]
[39. 33. 52.]
[10.  4. 17.]
[7. 2. 6.]
[4. 0. 1.]
[0. 0. 1.]
[0. 0. 0.]
[0. 0. 0.]
[15.  7. 10.]
[46. 27. 36.]
[54. 32. 46.]
[24. 12. 18.]
[31. 17. 29.]
[30. 18. 31.]
[28. 13. 26.]
[24. 15. 23.]
[50. 34. 61.]
[1. 0. 0.]
[1. 0. 0.]
[43. 26. 37.]
[42. 25. 36.]
[44. 27. 38.]
[47. 27. 39.]
[62. 42. 64.]
[50. 30. 51.]
[48. 25. 40.]
[46. 26. 39.]
[42. 25. 36.]
[39. 19. 31.]
[36. 17. 26.]
[32. 16. 23.]
[22.  8. 10.]
[0. 0. 0.]
[0. 0. 0.]
[17.  9. 10.]
[12.  4.  5.]
[11.  3.  3.]
[8. 3. 2.]
[6. 2. 1.]
[5. 0. 1.]
[3. 1. 1.]
[0. 0. 0.]
[0. 0. 0.]
[0. 0. 0.]
[0. 0. 0.]
[0. 0. 0.]
[0. 0. 0.]
[0. 0. 0.]
[0. 0. 0.]
[0. 0. 0.]
[0. 0. 0.]
[0. 0. 0.]
[0. 0. 0.]
[0. 0. 0.]
[0. 0. 0.]
[0. 0. 0.]
[0. 0. 0.]
[0. 0. 0.]
[0. 0. 0.]
[0. 0. 0.]
[0. 0. 0.]
[0. 0. 0.]
[0. 0. 0.]
[0. 0. 0.]
