[141. 119. 131.]
[149. 124. 134.]
[147. 124. 132.]
[152. 125. 131.]
[150. 127. 132.]
[151. 128. 133.]
[153. 128. 136.]
[160. 129. 138.]
[160. 127. 134.]
[160. 131. 134.]
[162. 131. 134.]
[163. 130. 133.]
[167. 130. 132.]
[166. 129. 131.]
[167. 131. 131.]
[130. 120. 140.]
[143. 126. 137.]
[149. 125. 133.]
[151. 127. 135.]
[150. 126. 134.]
[151. 127. 135.]
[152. 127. 137.]
[154. 129. 139.]
[156. 131. 141.]
[159. 132. 142.]
[161. 133. 142.]
[163. 132. 141.]
[168. 136. 141.]
[165. 136. 139.]
[164. 135. 138.]
[133. 120. 138.]
[143. 126. 137.]
[144. 124. 136.]
[149. 123. 136.]
[148. 123. 133.]
[149. 127. 136.]
[152. 127. 137.]
[154. 129. 139.]
[157. 131. 144.]
[160. 134. 147.]
[159. 133. 147.]
[160. 136. 148.]
[162. 137. 147.]
[164. 138. 148.]
[161. 136. 146.]
[135. 121. 139.]
[139. 125. 143.]
[146. 126. 139.]
[146. 126. 139.]
[147. 127. 140.]
[147. 127. 139.]
[152. 128. 140.]
[154. 128. 141.]
[157. 131. 144.]
[157. 134. 149.]
[157. 135. 153.]
[160. 135. 155.]
[160. 138. 157.]
[159. 138. 160.]
[159. 137. 156.]
[137. 125. 147.]
[142. 127. 148.]
[140. 125. 146.]
[144. 128. 151.]
[145. 126. 145.]
[147. 127. 146.]
[148. 129. 146.]
[150. 131. 146.]
[152. 130. 148.]
[152. 130. 148.]
[154. 134. 153.]
[158. 137. 162.]
[159. 140. 165.]
[159. 142. 169.]
[157. 140. 167.]
[140. 138. 171.]
[137. 127. 150.]
[137. 125. 147.]
[141. 125. 149.]
[145. 129. 153.]
[144. 128. 152.]
[145. 129. 153.]
[146. 130. 154.]
[147. 131. 155.]
[151. 132. 157.]
[151. 132. 157.]
[152. 133. 158.]
[156. 139. 166.]
[159. 144. 175.]
[159. 143. 177.]
[133. 128. 157.]
[132. 126. 153.]
[136. 129. 156.]
[137. 126. 152.]
[139. 128. 154.]
[143. 130. 154.]
[145. 132. 156.]
[147. 133. 161.]
[151. 136. 167.]
[150. 137. 169.]
[150. 137. 169.]
[153. 141. 171.]
[152. 140. 168.]
[152. 138. 166.]
[151. 140. 172.]
[128. 130. 169.]
[135. 136. 174.]
[136. 132. 167.]
[135. 131. 166.]
[140. 133. 164.]
[142. 134. 167.]
[144. 138. 173.]
[144. 136. 169.]
[147. 138. 171.]
[147. 137. 172.]
[148. 141. 178.]
[150. 142. 182.]
[149. 143. 180.]
[146. 139. 175.]
[144. 137. 170.]
[122. 128. 169.]
[127. 133. 176.]
[128. 134. 177.]
[134. 137. 186.]
[135. 136. 183.]
[137. 140. 188.]
[142. 144. 193.]
[139. 139. 186.]
[140. 140. 188.]
[140. 139. 188.]
[136. 136. 184.]
[133. 138. 189.]
[127. 132. 184.]
[124. 127. 175.]
[123. 122. 162.]
[ 99. 108. 150.]
[103. 120. 169.]
[131. 151. 209.]
[128. 145. 203.]
[127. 143. 201.]
[128. 142. 204.]
[126. 147. 209.]
[136. 152. 218.]
[112. 118. 168.]
[115. 124. 180.]
[120. 134. 193.]
[100. 105. 150.]
[ 97. 101. 142.]
[103. 110. 159.]
[108. 119. 171.]
[102. 118. 165.]
[103. 119. 166.]
[101. 117. 164.]
[ 95. 109. 157.]
[ 93. 106. 152.]
[101. 118. 167.]
[ 92. 102. 142.]
[ 91. 100. 140.]
[ 86.  94. 134.]
[ 99. 113. 169.]
[100. 115. 168.]
[108. 125. 195.]
[116. 154. 238.]
[115. 138. 216.]
[103. 119. 188.]
[ 88. 104. 147.]
[ 92. 107. 155.]
[ 97. 116. 169.]
[ 84. 104. 156.]
[ 90. 118. 183.]
[ 96. 129. 205.]
[ 96. 137. 221.]
[ 99. 130. 197.]
[103. 135. 210.]
[ 97. 128. 203.]
[ 94. 126. 205.]
[ 94. 111. 180.]
[ 89. 131. 222.]
[ 87. 135. 240.]
[ 90. 139. 250.]
[103. 135. 199.]
[101. 136. 200.]
[ 94. 128. 190.]
[107. 146. 211.]
[ 95. 131. 197.]
[103. 147. 220.]
[ 92. 149. 225.]
[ 91. 147. 225.]
[ 91. 153. 248.]
[ 79. 143. 234.]
[ 80. 141. 231.]
[ 81. 132. 218.]
[ 69. 137. 236.]
[ 66. 142. 232.]
[ 69. 149. 234.]
[ 92. 143. 215.]
[ 96. 152. 225.]
[ 91. 137. 193.]
[100. 144. 204.]
[ 97. 141. 203.]
[ 92. 136. 195.]
[ 81. 129. 191.]
[59. 55. 84.]
[56. 51. 83.]
[57. 52. 84.]
[55. 52. 84.]
[59. 56. 89.]
[56. 52. 85.]
[54. 49. 87.]
[55. 50. 90.]
[ 90. 155. 223.]
[114. 145. 192.]
[107. 128. 178.]
[ 40.  62. 116.]
[51. 47. 76.]
[53. 48. 77.]
[34. 29. 61.]
[23. 19. 55.]
[26. 22. 58.]
[30. 26. 62.]
[27. 23. 59.]
[31. 27. 63.]
[32. 28. 64.]
[31. 28. 64.]
[32. 27. 63.]
