[ 69.  81. 130.]
[ 4. 14. 31.]
[ 65.  75. 115.]
[0. 0. 5.]
[ 78.  92. 133.]
[ 78.  94. 140.]
[ 1.  3. 33.]
[ 50.  63. 100.]
[ 72.  87. 136.]
[ 78.  90. 138.]
[ 79.  89. 137.]
[ 77.  86. 136.]
[ 77.  87. 135.]
[ 71.  85. 133.]
[ 76.  85. 133.]
[0. 1. 4.]
[35. 38. 63.]
[ 0.  5. 22.]
[ 7.  6. 37.]
[ 5. 11. 47.]
[0. 1. 5.]
[0. 2. 2.]
[ 76.  92. 151.]
[ 73.  91. 152.]
[ 72.  89. 148.]
[ 65.  80. 143.]
[ 61.  73. 137.]
[ 52.  67. 129.]
[ 50.  66. 125.]
[ 48.  62. 121.]
[ 37.  60. 144.]
[1. 2. 2.]
[ 40.  55. 139.]
[2. 2. 4.]
[ 40.  59. 147.]
[ 39.  61. 149.]
[ 43.  64. 154.]
[ 42.  65. 155.]
[ 42.  65. 157.]
[ 43.  63. 152.]
[ 40.  60. 148.]
[ 42.  65. 157.]
[ 41.  65. 152.]
[ 41.  67. 154.]
[ 38.  64. 155.]
[ 34.  56. 151.]
[ 32.  57. 151.]
[ 34.  59. 153.]
[ 36.  61. 159.]
[ 39.  63. 163.]
[ 37.  63. 163.]
[ 38.  63. 167.]
[ 36.  61. 163.]
[ 37.  62. 164.]
[ 33.  60. 161.]
[ 36.  59. 161.]
[ 32.  58. 158.]
[ 33.  57. 153.]
[ 33.  55. 151.]
[ 35.  53. 148.]
[ 35.  62. 175.]
[ 37.  64. 174.]
[ 38.  65. 179.]
[ 35.  66. 181.]
[ 36.  70. 185.]
[ 39.  73. 187.]
[ 43.  72. 185.]
[ 38.  70. 184.]
[ 36.  71. 188.]
[ 37.  70. 187.]
[ 37.  69. 188.]
[ 35.  66. 181.]
[ 36.  64. 176.]
[ 35.  63. 174.]
[ 30.  59. 168.]
[ 41.  88. 216.]
[ 44.  96. 227.]
[ 45. 102. 235.]
[ 54. 110. 241.]
[ 48. 117. 237.]
[ 65. 105. 218.]
[ 51. 116. 248.]
[ 49. 116. 249.]
[ 49. 107. 240.]
[ 40.  93. 227.]
[ 71.  90. 163.]
[ 40.  87. 215.]
[ 40.  88. 214.]
[ 39.  82. 209.]
[ 37.  80. 207.]
[ 43.  97. 229.]
[ 44. 108. 239.]
[ 1.  0. 17.]
[ 57. 122. 248.]
[ 41. 118. 248.]
[ 3.  5. 61.]
[ 71. 105. 186.]
[ 0.  0. 62.]
[ 58. 104. 235.]
[ 49. 119. 250.]
[ 51. 116. 248.]
[ 48. 113. 245.]
[ 49. 108. 241.]
[ 41. 105. 237.]
[ 44. 100. 234.]
[ 37.  66. 153.]
[ 0.  0. 16.]
[ 0.  0. 46.]
[ 3.  2. 11.]
[ 50. 134. 255.]
[ 54. 138. 255.]
[ 26.  30. 106.]
[ 50. 138. 252.]
[ 56. 135. 255.]
[ 45. 129. 254.]
[ 49. 124. 252.]
[ 43. 116. 250.]
[ 45. 113. 248.]
[ 46. 109. 247.]
[ 41. 103. 241.]
[ 49. 132. 254.]
[ 29.  91. 230.]
[  4.   6. 105.]
[ 11.  25. 119.]
[ 79. 187. 251.]
[ 88. 197. 246.]
[100. 209. 254.]
[108. 215. 255.]
[ 92. 201. 254.]
[ 83. 189. 252.]
[ 80. 181. 255.]
[ 70. 172. 255.]
[ 64. 159. 255.]
[ 58. 145. 255.]
[ 52. 131. 254.]
[ 0.  0. 33.]
[ 31.  62. 215.]
[ 28.  66. 212.]
[ 29.  67. 216.]
[ 32.  72. 222.]
[ 33.  79. 228.]
[ 32.  78. 227.]
[ 32.  78. 231.]
[ 29.  76. 229.]
[ 29.  72. 223.]
[ 29.  70. 221.]
[ 29.  66. 214.]
[ 27.  61. 206.]
[ 26.  57. 199.]
[ 22.  51. 190.]
[26. 20. 94.]
[0. 0. 7.]
[0. 1. 3.]
[ 9. 11. 43.]
[ 28.  27. 127.]
[ 29.  27. 133.]
[ 29.  28. 143.]
[ 24.  27. 132.]
[ 24.  26. 126.]
[ 26.  26. 121.]
[ 23.  27. 111.]
[ 25.  24. 107.]
[ 26.  25. 102.]
[24. 22. 98.]
[26. 24. 93.]
[2. 2. 2.]
[23. 19. 30.]
[26. 21. 30.]
[24. 20. 31.]
[25. 21. 32.]
[27. 21. 40.]
[ 31.  13. 115.]
[26. 19. 40.]
[25. 20. 35.]
[25. 21. 32.]
[24. 20. 31.]
[24. 20. 31.]
[23. 20. 29.]
[23. 20. 29.]
[22. 19. 28.]
[15. 14. 16.]
[15. 13. 19.]
[24. 20. 26.]
[23. 19. 25.]
[21. 17. 22.]
[22. 18. 23.]
[22. 18. 29.]
[23. 20. 29.]
[22. 19. 28.]
[24. 19. 28.]
[22. 18. 29.]
[22. 17. 26.]
[21. 19. 25.]
[20. 18. 24.]
[20. 18. 24.]
[19. 16. 18.]
[19. 16. 18.]
[19. 16. 18.]
[20. 17. 19.]
[20. 17. 19.]
[20. 17. 19.]
[20. 17. 19.]
[20. 17. 19.]
[20. 17. 19.]
[19. 16. 18.]
[19. 16. 18.]
[19. 16. 18.]
[18. 15. 17.]
[17. 14. 16.]
[17. 14. 16.]
[17. 15. 15.]
[16. 13. 15.]
[18. 15. 17.]
[18. 15. 17.]
[18. 15. 17.]
[18. 15. 17.]
[19. 16. 18.]
[18. 15. 17.]
[18. 15. 17.]
[19. 16. 18.]
[19. 16. 18.]
[19. 16. 18.]
[18. 15. 17.]
[17. 15. 15.]
[17. 14. 16.]
