[125. 103. 147.]
[84. 59. 97.]
[88. 49. 44.]
[83. 46. 44.]
[92. 50. 41.]
[83. 58. 94.]
[83. 48. 52.]
[83. 45. 41.]
[93. 65. 95.]
[90. 59. 70.]
[98. 62. 58.]
[98. 60. 56.]
[150. 117.  94.]
[99. 61. 47.]
[185. 158. 132.]
[151. 131. 161.]
[100.  75. 112.]
[ 78.  58. 134.]
[ 80.  64. 150.]
[ 85.  60. 106.]
[ 88.  58. 104.]
[ 83.  69. 160.]
[102.  87. 170.]
[ 96.  77. 142.]
[ 92.  72. 150.]
[ 84.  64. 140.]
[ 82.  55. 107.]
[ 90.  64. 104.]
[ 84.  60. 116.]
[105.  66.  48.]
[103.  94. 180.]
[152. 131. 131.]
[155. 130. 144.]
[143. 138. 220.]
[ 74.  89. 226.]
[ 88.  69. 162.]
[ 87.  78. 178.]
[ 95.  76. 138.]
[113.  91. 150.]
[ 96.  69. 108.]
[94. 59. 64.]
[94. 56. 54.]
[85. 49. 50.]
[84. 52. 61.]
[88. 54. 54.]
[88. 52. 52.]
[194. 177. 171.]
[191. 172. 167.]
[204. 188. 182.]
[203. 190. 187.]
[202. 189. 187.]
[198. 185. 187.]
[101. 104. 212.]
[123. 111. 192.]
[ 95.  77. 144.]
[ 91.  65. 111.]
[ 82.  63. 134.]
[ 83.  71. 171.]
[ 75.  61. 149.]
[ 79.  60. 129.]
[81. 47. 44.]
[88. 50. 48.]
[95. 55. 52.]
[106.  68.  65.]
[109.  90. 143.]
[110.  84. 134.]
[106.  80. 101.]
[110.  79.  87.]
[103.  71.  78.]
[89. 61. 84.]
[ 94.  72. 140.]
[107.  92. 171.]
[103.  91. 164.]
[ 75.  70. 170.]
[75. 51. 64.]
[75. 48. 74.]
[73. 45. 51.]
[75. 54. 93.]
[83. 52. 56.]
[89. 61. 79.]
[101.  83. 127.]
[ 86.  82. 196.]
[ 88.  60. 111.]
[95. 68. 88.]
[98. 63. 67.]
[93. 60. 63.]
[106.  72.  73.]
[133. 125. 184.]
[124. 105. 147.]
[ 97.  80. 131.]
[74. 48. 61.]
[66. 44. 77.]
[ 82.  90. 232.]
[ 72.  71. 195.]
[83. 54. 74.]
[84. 56. 69.]
[87. 58. 73.]
[87. 60. 93.]
[80. 54. 78.]
[84. 57. 83.]
[ 95.  82. 172.]
[101.  87. 159.]
[97. 67. 73.]
[90. 56. 57.]
[82. 52. 57.]
[ 59.  67. 195.]
[ 82.  79. 191.]
[ 89.  62. 138.]
[ 51.  37. 123.]
[ 67.  74. 201.]
[ 72. 103. 250.]
[ 71.  74. 194.]
[ 69.  68. 172.]
[77. 54. 85.]
[ 83.  60. 107.]
[ 86.  64. 102.]
[ 85.  73. 177.]
[ 87.  62. 106.]
[82. 57. 79.]
[77. 52. 69.]
[ 68.  69. 189.]
[ 61.  94. 247.]
[ 81.  84. 217.]
[ 72.  54. 112.]
[ 71.  83. 229.]
[ 81.  96. 229.]
[ 85.  78. 181.]
[ 82. 113. 253.]
[ 78. 107. 253.]
[ 74. 102. 255.]
[ 65.  91. 240.]
[ 68.  82. 216.]
[ 72.  56. 110.]
[ 71.  50. 101.]
[76. 54. 83.]
[ 83.  77. 170.]
[ 74.  56. 128.]
[ 70.  79. 201.]
[ 82.  74. 168.]
[ 68. 110. 237.]
[ 66.  81. 209.]
[ 64.  91. 239.]
[ 80.  79. 200.]
[ 76.  57. 113.]
[ 68.  78. 206.]
[ 67.  75. 203.]
[ 88.  85. 218.]
[ 74.  56. 141.]
[ 75.  55. 100.]
[ 76.  59. 110.]
[ 86.  73. 130.]
[ 78.  84. 175.]
[ 80.  81. 162.]
[ 80.  83. 173.]
[ 85.  80. 163.]
[ 90.  85. 163.]
[ 88.  78. 157.]
[ 74.  85. 209.]
[ 80.  64. 147.]
[ 67.  72. 200.]
[ 87.  94. 220.]
[ 69.  83. 225.]
[ 72.  77. 187.]
[ 83.  76. 189.]
[ 79.  70. 146.]
[ 66.  86. 197.]
[ 69.  85. 199.]
[ 75.  85. 191.]
[125. 112. 218.]
[ 66.  73. 197.]
[110. 156. 244.]
[ 83.  94. 184.]
[ 88.  84. 178.]
[ 83.  69. 135.]
[ 75.  60. 130.]
[ 81.  66. 123.]
[ 81.  66. 123.]
[ 80.  64. 117.]
[ 77.  62. 107.]
[ 77.  61. 109.]
[ 87. 190. 255.]
[115. 229. 252.]
[115. 206. 244.]
[ 10.  33. 179.]
[ 77.  72. 177.]
[ 75.  66. 164.]
[ 75.  57. 126.]
[ 80.  65. 154.]
[ 79.  62. 129.]
[ 78.  60. 121.]
[ 75.  57. 111.]
[ 74.  52. 100.]
[71. 51. 93.]
[72. 54. 88.]
[74. 55. 83.]
[ 68.  49. 125.]
[ 68.  58. 171.]
[ 59.  89. 213.]
[ 47.  54. 213.]
[ 77.  67. 194.]
[ 97. 102. 249.]
[ 68.  55. 150.]
[ 78.  62. 148.]
[ 87.  67. 145.]
[ 84.  60. 115.]
[ 72.  49. 103.]
[73. 49. 93.]
[70. 51. 81.]
[71. 47. 78.]
[72. 50. 78.]
[19. 10.  7.]
[20. 12. 12.]
[25. 17. 18.]
[31. 21. 21.]
[30. 18. 17.]
[23. 10.  8.]
[34. 20. 14.]
[26. 12.  7.]
[32. 18. 12.]
[39. 21. 14.]
[35. 19. 12.]
[38. 21. 12.]
[24. 12.  6.]
[20.  8.  2.]
[22.  8.  2.]
