[ 66.  61. 112.]
[ 76.  70. 125.]
[ 76.  73. 123.]
[ 82.  74. 111.]
[ 85.  74. 106.]
[ 81.  70. 103.]
[83. 72. 98.]
[85. 70. 98.]
[82. 67. 94.]
[78. 62. 86.]
[73. 61. 81.]
[68. 55. 77.]
[65. 52. 74.]
[57. 48. 68.]
[51. 43. 66.]
[ 66.  57. 108.]
[ 67.  63. 112.]
[ 76.  73. 129.]
[ 83.  74. 117.]
[ 76.  72. 108.]
[ 81.  74. 119.]
[ 90.  79. 111.]
[ 90.  76. 104.]
[ 87.  73. 101.]
[80. 67. 93.]
[77. 64. 90.]
[72. 60. 90.]
[67. 55. 82.]
[61. 49. 77.]
[54. 48. 69.]
[ 60.  60. 116.]
[ 69.  66. 128.]
[ 74.  71. 127.]
[ 80.  77. 124.]
[ 84.  77. 120.]
[ 93.  88. 127.]
[ 92.  85. 121.]
[ 92.  81. 118.]
[ 88.  79. 112.]
[ 84.  75. 108.]
[ 79.  68. 105.]
[79. 66. 98.]
[73. 61. 89.]
[64. 55. 76.]
[50. 48. 74.]
[ 54.  52. 114.]
[ 66.  62. 134.]
[ 67.  65. 131.]
[ 80.  75. 126.]
[ 92.  89. 135.]
[ 98.  93. 138.]
[ 91.  86. 131.]
[ 91.  86. 131.]
[ 93.  85. 124.]
[ 88.  80. 121.]
[ 85.  76. 110.]
[ 80.  69. 101.]
[70. 63. 90.]
[58. 53. 82.]
[51. 47. 82.]
[ 51.  57. 125.]
[ 64.  66. 129.]
[ 67.  71. 125.]
[ 71.  72. 132.]
[ 81.  78. 133.]
[ 86.  89. 140.]
[ 94.  90. 142.]
[ 91.  92. 143.]
[ 93.  92. 136.]
[ 86.  82. 131.]
[ 84.  79. 118.]
[ 80.  73. 106.]
[ 72.  65. 100.]
[59. 53. 94.]
[54. 50. 81.]
[ 58.  67. 141.]
[ 67.  66. 138.]
[ 67.  71. 160.]
[ 72.  73. 133.]
[ 78.  75. 130.]
[ 80.  84. 148.]
[ 90.  95. 158.]
[ 97.  99. 157.]
[ 93.  97. 146.]
[ 87.  83. 132.]
[ 81.  80. 124.]
[ 84.  75. 115.]
[ 65.  61. 102.]
[62. 56. 97.]
[ 56.  52. 101.]
[ 74.  87. 173.]
[ 70.  78. 171.]
[ 64.  75. 155.]
[ 58.  65. 150.]
[ 70.  73. 129.]
[ 72.  80. 137.]
[ 96. 103. 172.]
[ 94. 101. 165.]
[ 96.  98. 162.]
[ 83.  87. 145.]
[ 78.  76. 135.]
[ 59.  59. 114.]
[ 64.  62. 115.]
[ 61.  64. 126.]
[ 49.  52. 121.]
[ 56.  77. 189.]
[ 63.  75. 157.]
[ 56.  71. 171.]
[ 65.  77. 177.]
[ 70.  77. 147.]
[ 67.  74. 134.]
[ 83.  97. 170.]
[105. 115. 183.]
[ 89. 101. 168.]
[ 64.  71. 149.]
[ 60.  65. 140.]
[ 68.  70. 135.]
[ 70.  76. 151.]
[ 46.  59. 158.]
[ 38.  47. 139.]
[ 54.  85. 212.]
[ 51.  77. 195.]
[ 55.  67. 171.]
[ 43.  64. 171.]
[ 59.  72. 164.]
[ 60.  71. 138.]
[ 79.  95. 162.]
[ 83. 101. 166.]
[ 68.  86. 180.]
[ 63.  80. 173.]
[ 93. 102. 162.]
[ 91.  98. 147.]
[ 75.  84. 151.]
[ 52.  64. 166.]
[ 36.  45. 142.]
[100. 162. 254.]
[ 58.  99. 231.]
[ 57.  88. 217.]
[ 82. 111. 215.]
[ 64.  85. 194.]
[ 66.  86. 169.]
[ 73.  90. 161.]
[ 76.  92. 161.]
[ 83.  98. 161.]
[ 71.  86. 146.]
[ 83. 101. 163.]
[ 67.  82. 155.]
[ 56.  72. 158.]
[ 44.  59. 138.]
[ 37.  47. 132.]
[ 63. 149. 250.]
[ 73. 142. 255.]
[ 67. 119. 253.]
[ 55.  98. 234.]
[ 61.  92. 215.]
[ 63.  89. 213.]
[ 76. 120. 205.]
[113. 147. 207.]
[ 79. 105. 200.]
[102. 134. 200.]
[ 89. 121. 192.]
[ 71.  96. 196.]
[ 51.  73. 172.]
[ 36.  52. 142.]
[ 32.  47. 120.]
[159. 218. 255.]
[162. 215. 253.]
[156. 210. 255.]
[134. 193. 255.]
[ 57. 100. 222.]
[ 64. 104. 223.]
[ 61.  90. 165.]
[ 77. 104. 200.]
[114. 163. 220.]
[102. 141. 213.]
[ 48.  84. 140.]
[ 43.  69. 156.]
[ 54.  78. 164.]
[ 48.  77. 152.]
[ 40.  63. 136.]
[152. 218. 255.]
[153. 220. 255.]
[137. 209. 246.]
[145. 212. 255.]
[128. 196. 254.]
[ 98. 173. 255.]
[ 44. 104. 216.]
[ 48.  92. 195.]
[ 77. 139. 219.]
[ 75. 135. 224.]
[ 61. 104. 190.]
[ 44.  86. 178.]
[ 36.  68. 172.]
[ 24.  53. 151.]
[ 24.  44. 130.]
[16. 12. 31.]
[28. 43. 64.]
[110. 200. 251.]
[ 87. 187. 255.]
[ 91. 190. 248.]
[ 67. 167. 254.]
[ 58. 141. 251.]
[ 34.  93. 191.]
[ 23.  78. 189.]
[ 28.  87. 186.]
[ 30.  68. 178.]
[ 25.  50. 152.]
[20. 34. 95.]
[ 24.  33. 100.]
[ 6. 14. 41.]
[ 8.  7. 16.]
[ 7.  9. 17.]
[ 9. 10. 20.]
[11. 11. 23.]
[16. 17. 37.]
[ 5.  8. 39.]
[ 7. 17. 66.]
[10. 10. 23.]
[ 1.  2. 17.]
[ 0.  1. 11.]
[ 3.  3. 13.]
[ 4.  7. 12.]
[ 3.  6. 11.]
[ 3.  6. 11.]
[1. 4. 9.]
